TP9,FP1,FP2,TP10,timestamp,duration
898.159240723,340.510925293,595.482910156,927.768920898,1420892894,390410
924.478942871,445.789672852,806.040344238,980.40826416,1420892894,390412
845.519897461,761.625915527,884.999450684,875.129516602,1420892894,390412
977.118347168,129.953445435,490.20413208,980.40826416,1420892894,390412
819.200195312,1077.4621582,1148.19628906,822.49017334,1420892894,390413
871.839599609,235.232192993,542.843505859,901.44921875,1420892894,390413
871.839599609,551.06842041,911.319091797,901.44921875,1420892894,390413
713.921447754,761.625915527,937.638793945,743.53112793,1420892894,390414
819.200195312,235.232192993,621.80255127,822.49017334,1420892894,390414
740.241149902,761.625915527,937.638793945,717.211425781,1420892894,390415
898.159240723,0.0,384.925415039,875.129516602,1420892894,390415
713.921447754,1263.34484863,1227.15539551,717.211425781,1420892894,390415
792.880554199,421.114959717,542.843505859,769.850830078,1420892894,390416
740.241149902,947.508666992,937.638793945,743.53112793,1420892894,390416
792.880554199,315.836212158,490.20413208,822.49017334,1420892894,390416
792.880554199,736.951171875,911.319091797,822.49017334,1420892894,390417
687.601806641,921.188964844,858.679748535,717.211425781,1420892894,464170
766.560852051,579.033081055,753.401000977,822.49017334,1420892894,464171
687.601806641,842.229919434,832.360046387,769.850830078,1420892894,464172
871.839599609,0.0,411.24508667,954.088623047,1420892894,464172
740.241149902,1158.06616211,1042.91748047,822.49017334,1420892894,464173
766.560852051,579.033081055,674.441955566,822.49017334,1420892894,464173
713.921447754,973.828369141,963.958496094,769.850830078,1420892894,464173
713.921447754,763.270874023,832.360046387,769.850830078,1420892894,464173
766.560852051,684.311828613,832.360046387,848.809875488,1420892894,464174
687.601806641,1131.74645996,990.278137207,743.53112793,1420892894,464174
924.478942871,52.6393699646,411.24508667,980.40826416,1420892894,464175
819.200195312,894.86932373,963.958496094,901.44921875,1420892894,464186
871.839599609,394.795288086,569.163208008,954.088623047,1420892894,464194
871.839599609,763.270874023,832.360046387,954.088623047,1420892894,464201
819.200195312,947.508666992,858.679748535,901.44921875,1420892894,464206
766.560852051,1079.10705566,1042.91748047,848.809875488,1420892894,464212
845.519897461,579.033081055,700.76159668,875.129516602,1420892894,540436
924.478942871,342.155914307,674.441955566,980.40826416,1420892894,540438
819.200195312,1105.42675781,1016.59783936,875.129516602,1420892894,540438
977.118347168,131.598434448,411.24508667,1006.72796631,1420892894,540438
845.519897461,894.86932373,1069.23718262,901.44921875,1420892894,540439
845.519897461,736.951171875,779.720703125,901.44921875,1420892894,540439
871.839599609,684.311828613,858.679748535,901.44921875,1420892894,540439
819.200195312,1079.10705566,1069.23718262,848.809875488,1420892894,540440
898.159240723,815.91027832,832.360046387,901.44921875,1420892894,540440
977.118347168,236.877166748,621.80255127,980.40826416,1420892894,540440
977.118347168,526.393737793,806.040344238,1006.72796631,1420892894,540441
950.79864502,1026.46777344,1042.91748047,980.40826416,1420892894,540442
845.519897461,1184.38586426,1042.91748047,875.129516602,1420892894,540442
977.118347168,342.155914307,542.843505859,1033.04760742,1420892894,540443
1003.43798828,526.393737793,753.401000977,1033.04760742,1420892894,540443
950.79864502,763.270874023,937.638793945,980.40826416,1420892894,540444
947.508666992,789.590576172,937.638793945,963.958496094,1420892894,611631
973.828369141,657.992126465,832.360046387,990.278137207,1420892894,611632
1056.07739258,210.557479858,569.163208008,1108.71679688,1420892894,611633
1075.81713867,289.516540527,753.401000977,1125.16650391,1420892894,611633
894.86932373,1079.10705566,1200.83569336,927.768920898,1420892894,611633
898.159240723,657.992126465,911.319091797,911.319091797,1420892894,611634
1046.20751953,342.155914307,621.80255127,1059.36730957,1420892894,611634
1065.94726562,236.877166748,700.76159668,1092.26696777,1420892894,611634
1033.04760742,289.516540527,727.081298828,1036.33764648,1420892894,611634
911.319091797,842.229919434,1016.59783936,934.348815918,1420892894,611635
878.419494629,710.631530762,806.040344238,914.609069824,1420892894,611635
977.118347168,473.754333496,753.401000977,1016.59783936,1420892894,611635
898.159240723,947.508666992,1042.91748047,937.638793945,1420892894,611636
894.86932373,657.992126465,937.638793945,911.319091797,1420892894,611636
924.478942871,526.393737793,832.360046387,927.768920898,1420892894,611636
944.218688965,526.393737793,858.679748535,940.928771973,1420892894,611636
838.940002441,921.188964844,1042.91748047,835.650024414,1420892894,681667
917.899047852,342.155914307,727.081298828,940.928771973,1420892894,681669
812.620300293,1105.42675781,1200.83569336,835.650024414,1420892894,681669
944.218688965,315.836212158,569.163208008,940.928771973,1420892894,681669
1049.49743652,0.0,595.482910156,1019.88781738,1420892894,681670
917.899047852,815.91027832,1069.23718262,861.969726562,1420892894,681670
917.899047852,763.270874023,937.638793945,861.969726562,1420892894,681670
891.579345703,763.270874023,1016.59783936,861.969726562,1420892894,681671
917.899047852,631.672424316,858.679748535,888.289367676,1420892894,681671
917.899047852,684.311828613,1016.59783936,861.969726562,1420892894,681671
891.579345703,605.352783203,858.679748535,835.650024414,1420892894,681672
944.218688965,605.352783203,937.638793945,888.289367676,1420892894,681672
944.218688965,500.074035645,753.401000977,888.289367676,1420892894,681672
1049.49743652,0.0,542.843505859,1019.88781738,1420892894,681672
944.218688965,736.951171875,937.638793945,914.609069824,1420892894,681673
944.218688965,710.631530762,911.319091797,888.289367676,1420892894,681673
917.899047852,894.86932373,963.958496094,809.330322266,1420892894,751698
1049.49743652,210.557479858,569.163208008,927.768920898,1420892894,751700
996.858093262,684.311828613,858.679748535,888.289367676,1420892894,751700
996.858093262,526.393737793,753.401000977,914.609069824,1420892894,751700
944.218688965,1052.78747559,1016.59783936,835.650024414,1420892894,751701
996.858093262,763.270874023,832.360046387,835.650024414,1420892894,751701
1049.49743652,500.074035645,727.081298828,875.129516602,1420892894,751701
970.538391113,868.549621582,1016.59783936,783.010620117,1420892894,751702
917.899047852,1158.06616211,1069.23718262,743.53112793,1420892894,751702
1075.81713867,236.877166748,542.843505859,927.768920898,1420892894,751702
1102.13684082,526.393737793,832.360046387,940.928771973,1420892894,751702
1075.81713867,605.352783203,832.360046387,914.609069824,1420892894,751704
996.858093262,1131.74645996,1121.87658691,809.330322266,1420892894,751704
1023.17779541,815.91027832,858.679748535,809.330322266,1420892894,751704
1154.77624512,500.074035645,727.081298828,940.928771973,1420892894,751705
1128.45654297,684.311828613,832.360046387,914.609069824,1420892894,751705
1062.65734863,657.992126465,806.040344238,901.44921875,1420892894,824243
1115.29663086,552.713378906,779.720703125,967.248413086,1420892894,824245
1062.65734863,868.549621582,990.278137207,927.768920898,1420892894,824245
1128.45654297,368.475585938,595.482910156,1033.04760742,1420892894,824246
1036.33764648,868.549621582,1042.91748047,967.248413086,1420892894,824246
1023.17779541,631.672424316,753.401000977,954.088623047,1420892894,824247
1023.17779541,710.631530762,937.638793945,954.088623047,1420892894,824247
1075.81713867,473.754333496,700.76159668,980.40826416,1420892894,824247
1102.13684082,552.713378906,858.679748535,1019.88781738,1420892894,824248
865.259643555,1473.90234375,1279.79467773,783.010620117,1420892894,824248
1128.45654297,0.0,332.28604126,1059.36730957,1420892894,824249
1088.97692871,789.590576172,990.278137207,1019.88781738,1420892894,824249
1088.97692871,368.475585938,621.80255127,1046.20751953,1420892894,824250
1088.97692871,526.393737793,727.081298828,1059.36730957,1420892894,824250
983.698242188,1079.10705566,1069.23718262,927.768920898,1420892894,824250
1010.01794434,710.631530762,779.720703125,927.768920898,1420892894,824251
959.02355957,468.819396973,634.962402344,940.928771973,1420892894,824252
906.384155273,916.25402832,898.159240723,888.289367676,1420892894,905479
880.064453125,995.213134766,898.159240723,848.809875488,1420892894,905480
880.064453125,1047.85253906,898.159240723,822.49017334,1420892894,905480
1037.98254395,626.737487793,661.282104492,940.928771973,1420892894,905481
1011.66290283,732.016235352,766.560852051,927.768920898,1420892894,905481
1037.98254395,732.016235352,740.241149902,927.768920898,1420892894,905482
985.343200684,1153.13122559,1029.75769043,861.969726562,1420892894,905482
959.02355957,942.573730469,845.519897461,835.650024414,1420892894,905482
1143.26135254,231.942230225,529.683654785,980.40826416,1420892894,905483
959.02355957,1363.6887207,1240.31518555,783.010620117,1420892894,905483
1064.30224609,442.499725342,529.683654785,888.289367676,1420892894,905483
1064.30224609,942.573730469,950.79864502,888.289367676,1420892894,905484
1143.26135254,284.581604004,450.724609375,967.248413086,1420892894,905484
1143.26135254,626.737487793,819.200195312,967.248413086,1420892894,905484
1090.62194824,863.614685059,845.519897461,888.289367676,1420892894,905485
1064.30224609,968.893432617,924.478942871,861.969726562,1420892894,905485
1156.42114258,416.180023193,582.323059082,980.40826416,1420892894,977932
1156.42114258,574.098144531,766.560852051,993.568115234,1420892894,977933
1156.42114258,574.098144531,687.601806641,967.248413086,1420892894,977934
1116.94165039,916.25402832,898.159240723,927.768920898,1420892894,977934
1169.58105469,600.41784668,661.282104492,954.088623047,1420892894,977934
1103.78186035,784.655639648,871.839599609,901.44921875,1420892894,977934
1090.62194824,732.016235352,766.560852051,888.289367676,1420892894,977935
1037.98254395,784.655639648,977.118347168,848.809875488,1420892894,977935
1051.14245605,705.696594238,792.880554199,861.969726562,1420892894,977935
1195.90075684,74.0241165161,582.323059082,1006.72796631,1420892894,977936
1156.42114258,495.139068604,792.880554199,980.40826416,1420892894,977937
1077.4621582,995.213134766,1056.07739258,901.44921875,1420892894,977938
1064.30224609,732.016235352,792.880554199,901.44921875,1420892894,977938
1235.38024902,47.7044296265,450.724609375,1098.84692383,1420892894,977939
1195.90075684,416.180023193,845.519897461,1046.20751953,1420892894,977939
1182.74084473,547.778442383,845.519897461,1006.72796631,1420892894,977939
998.503051758,1179.45092773,1187.67578125,848.809875488,1420892895,47980
1103.78186035,442.499725342,661.282104492,980.40826416,1420892895,47982
1182.74084473,284.581604004,634.962402344,1059.36730957,1420892895,47982
1103.78186035,653.057189941,845.519897461,1033.04760742,1420892895,47983
1077.4621582,705.696594238,924.478942871,1006.72796631,1420892895,47983
1077.4621582,600.41784668,819.200195312,980.40826416,1420892895,47983
1156.42114258,284.581604004,687.601806641,1085.68701172,1420892895,47984
1077.4621582,758.3359375,1029.75769043,1006.72796631,1420892895,47984
1130.10144043,442.499725342,819.200195312,1059.36730957,1420892895,47984
998.503051758,1074.17211914,1161.3560791,927.768920898,1420892895,47985
1182.74084473,0.0,371.765563965,1138.32641602,1420892895,47985
1077.4621582,947.508666992,1056.07739258,1059.36730957,1420892895,47985
1103.78186035,473.754333496,634.962402344,1085.68701172,1420892895,47985
998.503051758,1158.06616211,1135.03637695,1006.72796631,1420892895,47986
1077.4621582,368.475585938,529.683654785,1059.36730957,1420892895,47986
1077.4621582,579.033081055,819.200195312,1085.68701172,1420892895,47986
972.183410645,842.229919434,924.478942871,980.40826416,1420892895,120442
998.503051758,684.311828613,924.478942871,1059.36730957,1420892895,120443
919.544006348,894.86932373,924.478942871,980.40826416,1420892895,120444
1103.78186035,0.0,450.724609375,1190.96582031,1420892895,120444
972.183410645,947.508666992,1135.03637695,1085.68701172,1420892895,120444
998.503051758,684.311828613,871.839599609,1112.00671387,1420892895,120445
945.863708496,1158.06616211,1398.23327637,1059.36730957,1420892895,120445
945.863708496,684.311828613,924.478942871,1085.68701172,1420892895,120445
1077.4621582,157.918106079,766.560852051,1217.28540039,1420892895,120446
840.584960938,1315.98425293,1503.51208496,1006.72796631,1420892895,120446
945.863708496,473.754333496,871.839599609,1085.68701172,1420892895,120446
893.224304199,1105.42675781,1398.23327637,1033.04760742,1420892895,120446
998.503051758,210.557479858,713.921447754,1138.32641602,1420892895,120447
972.183410645,736.951171875,1240.31518555,1138.32641602,1420892895,120447
866.904663086,947.508666992,1240.31518555,1059.36730957,1420892895,120447
945.863708496,579.033081055,1135.03637695,1138.32641602,1420892895,120448
919.544006348,736.951171875,1135.03637695,1112.00671387,1420892895,199117
1103.78186035,0.0,661.282104492,1296.24450684,1420892895,199120
919.544006348,1315.98425293,1477.19238281,1085.68701172,1420892895,199121
972.183410645,789.590576172,1029.75769043,1085.68701172,1420892895,199121
919.544006348,1158.06616211,1371.91357422,1033.04760742,1420892895,199122
1077.4621582,157.918106079,740.241149902,1164.64611816,1420892895,199122
945.863708496,1000.14807129,1371.91357422,1059.36730957,1420892895,199123
945.863708496,947.508666992,1108.71679688,1059.36730957,1420892895,199123
998.503051758,736.951171875,1082.39709473,1112.00671387,1420892895,199123
998.503051758,736.951171875,1029.75769043,1112.00671387,1420892895,199124
1051.14245605,526.393737793,1029.75769043,1164.64611816,1420892895,199124
919.544006348,1210.70556641,1450.87268066,980.40826416,1420892895,199126
1024.82275391,526.393737793,924.478942871,1085.68701172,1420892895,199126
998.503051758,1000.14807129,1292.95458984,1059.36730957,1420892895,199127
1103.78186035,526.393737793,924.478942871,1164.64611816,1420892895,199127
1077.4621582,894.86932373,1213.9954834,1138.32641602,1420892895,199128
1077.4621582,736.951171875,1161.3560791,1112.00671387,1420892895,267913
998.503051758,1184.38586426,1398.23327637,1006.72796631,1420892895,267915
1209.06054688,0.0,582.323059082,1243.60510254,1420892895,267916
1103.78186035,894.86932373,1371.91357422,1164.64611816,1420892895,267916
1077.4621582,1026.46777344,1292.95458984,1138.32641602,1420892895,267916
1077.4621582,1000.14807129,1292.95458984,1138.32641602,1420892895,267917
1182.74084473,500.074035645,1003.43798828,1243.60510254,1420892895,267917
1182.74084473,789.590576172,1187.67578125,1269.92480469,1420892895,267917
1156.42114258,842.229919434,1213.9954834,1243.60510254,1420892895,267917
1156.42114258,789.590576172,1240.31518555,1243.60510254,1420892895,267918
1103.78186035,815.91027832,1213.9954834,1190.96582031,1420892895,267918
1182.74084473,526.393737793,1082.39709473,1269.92480469,1420892895,267918
1051.14245605,1131.74645996,1450.87268066,1138.32641602,1420892895,267919
1156.42114258,579.033081055,1056.07739258,1269.92480469,1420892895,267919
1051.14245605,1342.30395508,1582.47106934,1164.64611816,1420892895,267919
1235.38024902,52.6393699646,766.560852051,1322.56420898,1420892895,267919
1130.10144043,1052.78747559,1556.15136719,1296.24450684,1420892895,342898
1077.4621582,842.229919434,1240.31518555,1269.92480469,1420892895,342900
1077.4621582,947.508666992,1398.23327637,1269.92480469,1420892895,342900
1130.10144043,421.114959717,1003.43798828,1269.92480469,1420892895,342901
1235.38024902,263.196868896,1003.43798828,1401.52319336,1420892895,342901
1077.4621582,1158.06616211,1450.87268066,1243.60510254,1420892895,342901
1103.78186035,684.311828613,1161.3560791,1296.24450684,1420892895,342901
1024.82275391,1105.42675781,1477.19238281,1217.28540039,1420892895,342902
1156.42114258,315.836212158,977.118347168,1322.56420898,1420892895,342902
1024.82275391,1263.34484863,1661.43017578,1217.28540039,1420892895,342902
1077.4621582,473.754333496,977.118347168,1269.92480469,1420892895,342903
1024.82275391,1158.06616211,1503.51208496,1243.60510254,1420892895,342903
1077.4621582,473.754333496,1003.43798828,1269.92480469,1420892895,342903
1077.4621582,842.229919434,1424.55297852,1296.24450684,1420892895,342904
998.503051758,1000.14807129,1345.59387207,1190.96582031,1420892895,342904
1051.14245605,631.672424316,1187.67578125,1243.60510254,1420892895,342904
972.183410645,1079.10705566,1371.91357422,1164.64611816,1420892895,417947
1182.74084473,52.6393699646,713.921447754,1401.52319336,1420892895,417949
1024.82275391,1237.02526855,1635.11047363,1243.60510254,1420892895,417950
1130.10144043,289.516540527,871.839599609,1348.88391113,1420892895,417950
1077.4621582,736.951171875,1398.23327637,1322.56420898,1420892895,417950
1051.14245605,710.631530762,1266.6348877,1269.92480469,1420892895,417951
1051.14245605,526.393737793,1135.03637695,1296.24450684,1420892895,417951
945.863708496,1289.66455078,1635.11047363,1190.96582031,1420892895,417951
919.544006348,1052.78747559,1424.55297852,1190.96582031,1420892895,417952
919.544006348,973.828369141,1345.59387207,1190.96582031,1420892895,417952
1051.14245605,289.516540527,1029.75769043,1322.56420898,1420892895,417952
945.863708496,973.828369141,1529.83166504,1243.60510254,1420892895,417954
945.863708496,1131.74645996,1503.51208496,1217.28540039,1420892895,417954
919.544006348,1105.42675781,1503.51208496,1164.64611816,1420892895,417954
972.183410645,736.951171875,1266.6348877,1243.60510254,1420892895,417955
972.183410645,789.590576172,1345.59387207,1217.28540039,1420892895,417955
753.401000977,519.813781738,662.927062988,732.016235352,1420892895,417966
621.80255127,1362.04370117,1163.00109863,626.737487793,1420892895,486702
727.081298828,388.215362549,478.68927002,705.696594238,1420892895,486704
753.401000977,414.53503418,636.607421875,764.91583252,1420892895,486705
753.401000977,467.174407959,636.607421875,764.91583252,1420892895,486705
700.76159668,756.690979004,768.205810547,725.436340332,1420892895,486705
674.441955566,783.010620117,768.205810547,692.536743164,1420892895,486705
700.76159668,519.813781738,610.287719727,718.856384277,1420892895,486706
648.122253418,704.051574707,768.205810547,685.956787109,1420892895,486706
595.482910156,1151.48620605,1031.40270996,600.41784668,1420892895,486706
542.843505859,1283.0847168,1031.40270996,534.618591309,1420892895,486707
700.76159668,361.8956604,531.328674316,699.116638184,1420892895,486707
700.76159668,783.010620117,926.123962402,699.116638184,1420892895,486707
674.441955566,783.010620117,794.525512695,666.217041016,1420892895,486708
674.441955566,940.928771973,978.763305664,666.217041016,1420892895,486708
674.441955566,888.289367676,820.845214844,646.477294922,1420892895,486708
858.679748535,177.65788269,531.328674316,857.034729004,1420892895,486708
806.040344238,914.609069824,978.763305664,778.075683594,1420892895,562924
832.360046387,598.772827148,715.566467285,804.395385742,1420892895,562925
700.76159668,1283.0847168,1136.68139648,699.116638184,1420892895,562926
832.360046387,361.8956604,505.008972168,804.395385742,1420892895,562926
727.081298828,1204.12561035,1136.68139648,725.436340332,1420892895,562926
858.679748535,282.93661499,426.04989624,883.354431152,1420892895,562927
806.040344238,914.609069824,926.123962402,830.715087891,1420892895,562927
806.040344238,861.969726562,741.886108398,804.395385742,1420892895,562927
858.679748535,704.051574707,741.886108398,857.034729004,1420892895,562928
779.720703125,1098.84692383,1031.40270996,804.395385742,1420892895,562928
779.720703125,1072.52722168,978.763305664,778.075683594,1420892895,562928
884.999450684,546.133483887,636.607421875,909.674133301,1420892895,562928
911.319091797,651.412231445,715.566467285,909.674133301,1420892895,562929
937.638793945,546.133483887,689.246765137,909.674133301,1420892895,562929
806.040344238,1177.8059082,1031.40270996,830.715087891,1420892895,562929
779.720703125,940.928771973,847.164855957,804.395385742,1420892895,562930
858.679748535,756.690979004,689.246765137,883.354431152,1420892895,639186
858.679748535,835.650024414,741.886108398,909.674133301,1420892895,639188
832.360046387,809.330322266,741.886108398,857.034729004,1420892895,639188
806.040344238,756.690979004,741.886108398,857.034729004,1420892895,639188
806.040344238,730.371276855,689.246765137,857.034729004,1420892895,639189
727.081298828,967.248413086,768.205810547,778.075683594,1420892895,639189
779.720703125,625.092529297,557.64831543,857.034729004,1420892895,639189
648.122253418,1388.36340332,1084.04199219,699.116638184,1420892895,639189
727.081298828,572.453186035,505.008972168,804.395385742,1420892895,639190
779.720703125,625.092529297,636.607421875,857.034729004,1420892895,639191
806.040344238,309.256317139,452.369598389,909.674133301,1420892895,639192
674.441955566,1177.8059082,1005.08300781,751.75604248,1420892895,639192
621.80255127,1256.76501465,978.763305664,672.796936035,1420892895,639193
700.76159668,625.092529297,557.64831543,778.075683594,1420892895,639193
727.081298828,783.010620117,689.246765137,804.395385742,1420892895,639194
700.76159668,809.330322266,715.566467285,778.075683594,1420892895,639194
648.122253418,967.248413086,847.164855957,745.176086426,1420892895,706685
674.441955566,677.731872559,610.287719727,778.075683594,1420892895,706686
727.081298828,467.174407959,531.328674316,804.395385742,1420892895,706686
727.081298828,335.57598877,505.008972168,817.555236816,1420892895,706687
621.80255127,993.568115234,926.123962402,712.276489258,1420892895,706687
569.163208008,783.010620117,741.886108398,659.637145996,1420892895,706687
674.441955566,546.133483887,583.968017578,784.655639648,1420892895,706688
700.76159668,651.412231445,662.927062988,797.815490723,1420892895,706688
674.441955566,835.650024414,820.845214844,712.276489258,1420892895,706688
621.80255127,1125.16650391,926.123962402,685.956787109,1420892895,706688
700.76159668,335.57598877,426.04989624,797.815490723,1420892895,706689
753.401000977,414.53503418,557.64831543,830.715087891,1420892895,706689
753.401000977,493.494110107,610.287719727,830.715087891,1420892895,706689
621.80255127,1230.4453125,1057.72241211,685.956787109,1420892895,706690
621.80255127,809.330322266,689.246765137,672.796936035,1420892895,706690
753.401000977,388.215362549,478.68927002,837.29498291,1420892895,706690
727.081298828,730.371276855,741.886108398,810.975280762,1420892895,780419
779.720703125,493.494110107,531.328674316,837.29498291,1420892895,780420
700.76159668,967.248413086,847.164855957,758.3359375,1420892895,780421
806.040344238,72.3791351318,215.492431641,863.614685059,1420892895,780421
806.040344238,651.412231445,636.607421875,863.614685059,1420892895,780421
779.720703125,809.330322266,636.607421875,810.975280762,1420892895,780422
779.720703125,835.650024414,741.886108398,810.975280762,1420892895,780422
779.720703125,704.051574707,531.328674316,810.975280762,1420892895,780422
858.679748535,256.616943359,347.09085083,916.25402832,1420892895,780423
753.401000977,914.609069824,768.205810547,810.975280762,1420892895,780423
832.360046387,598.772827148,531.328674316,889.934387207,1420892895,780423
674.441955566,1204.12561035,899.804260254,758.3359375,1420892895,780423
911.319091797,0.0,31.2546272278,995.213134766,1420892895,780424
858.679748535,736.951171875,636.607421875,916.25402832,1420892895,780424
806.040344238,842.229919434,557.64831543,863.614685059,1420892895,780424
700.76159668,1237.02526855,873.484558105,758.3359375,1420892895,780425
806.040344238,394.795288086,241.812103271,837.29498291,1420892895,859182
858.679748535,394.795288086,347.09085083,916.25402832,1420892895,859183
753.401000977,815.91027832,557.64831543,837.29498291,1420892895,859184
937.638793945,0.0,31.2546272278,1021.53277588,1420892895,859184
700.76159668,1263.34484863,768.205810547,810.975280762,1420892895,859184
858.679748535,0.0,0.0,916.25402832,1420892895,859184
884.999450684,421.114959717,526.393737793,942.573730469,1420892895,859185
779.720703125,421.114959717,526.393737793,863.614685059,1420892895,859185
779.720703125,421.114959717,526.393737793,889.934387207,1420892895,859185
727.081298828,842.229919434,736.951171875,810.975280762,1420892895,859187
806.040344238,210.557479858,421.114959717,863.614685059,1420892895,859187
700.76159668,842.229919434,842.229919434,732.016235352,1420892895,859188
832.360046387,0.0,315.836212158,863.614685059,1420892895,859188
674.441955566,1052.78747559,947.508666992,732.016235352,1420892895,859189
806.040344238,210.557479858,315.836212158,863.614685059,1420892895,859189
700.76159668,1052.78747559,947.508666992,732.016235352,1420892895,859189
806.040344238,0.0,78.9590530396,863.614685059,1420892895,926707
700.76159668,894.86932373,815.91027832,758.3359375,1420892895,926709
727.081298828,473.754333496,315.836212158,758.3359375,1420892895,926709
858.679748535,52.6393699646,236.877166748,889.934387207,1420892895,926710
674.441955566,1000.14807129,710.631530762,705.696594238,1420892895,926710
674.441955566,736.951171875,500.074035645,732.016235352,1420892895,926710
674.441955566,736.951171875,500.074035645,679.37689209,1420892895,926710
753.401000977,473.754333496,315.836212158,784.655639648,1420892895,926711
700.76159668,789.590576172,526.393737793,732.016235352,1420892895,926711
700.76159668,579.033081055,394.795288086,732.016235352,1420892895,926711
621.80255127,1052.78747559,684.311828613,679.37689209,1420892895,926712
753.401000977,263.196868896,210.557479858,810.975280762,1420892895,926712
753.401000977,315.836212158,342.155914307,810.975280762,1420892895,926712
727.081298828,631.672424316,526.393737793,784.655639648,1420892895,926713
595.482910156,1263.34484863,842.229919434,653.057189941,1420892895,926713
700.76159668,315.836212158,236.877166748,732.016235352,1420892895,926713
700.76159668,684.311828613,552.713378906,758.3359375,1420892896,462
674.441955566,368.475585938,184.237792969,758.3359375,1420892896,463
674.441955566,526.393737793,394.795288086,784.655639648,1420892896,463
595.482910156,894.86932373,500.074035645,705.696594238,1420892896,464
753.401000977,52.6393699646,78.9590530396,863.614685059,1420892896,464
569.163208008,1105.42675781,763.270874023,653.057189941,1420892896,464
727.081298828,105.278739929,78.9590530396,810.975280762,1420892896,465
595.482910156,1210.70556641,868.549621582,679.37689209,1420892896,465
753.401000977,0.0,0.0,810.975280762,1420892896,465
648.122253418,947.508666992,736.951171875,705.696594238,1420892896,466
648.122253418,473.754333496,263.196868896,705.696594238,1420892896,466
674.441955566,579.033081055,473.754333496,758.3359375,1420892896,466
621.80255127,947.508666992,526.393737793,653.057189941,1420892896,466
806.040344238,0.0,0.0,863.614685059,1420892896,467
621.80255127,1000.14807129,631.672424316,705.696594238,1420892896,467
621.80255127,736.951171875,421.114959717,732.016235352,1420892896,467
722.146362305,1246.8951416,1049.49743652,715.566467285,1420892896,468
827.425109863,615.22265625,575.743103027,820.845214844,1420892896,78003
774.785766602,1246.8951416,996.858093262,741.886108398,1420892896,78005
906.384155273,404.665161133,312.546264648,873.484558105,1420892896,78005
853.744812012,1036.33764648,996.858093262,820.845214844,1420892896,78005
801.105407715,1036.33764648,786.300598145,741.886108398,1420892896,78005
985.343200684,194.107681274,470.464385986,978.763305664,1420892896,78006
827.425109863,1246.8951416,1260.05493164,794.525512695,1420892896,78006
932.703857422,615.22265625,628.382507324,899.804260254,1420892896,78006
801.105407715,1457.45263672,1207.41552734,768.205810547,1420892896,78008
985.343200684,194.107681274,259.906890869,978.763305664,1420892896,78008
932.703857422,825.780151367,786.300598145,952.443603516,1420892896,78009
853.744812012,1036.33764648,838.940002441,820.845214844,1420892896,78010
827.425109863,1036.33764648,838.940002441,820.845214844,1420892896,78010
906.384155273,615.22265625,523.103759766,873.484558105,1420892896,78010
932.703857422,615.22265625,681.021850586,926.123962402,1420892896,78011
880.064453125,615.22265625,681.021850586,899.804260254,1420892896,78011
959.02355957,299.386413574,496.784057617,952.443603516,1420892896,145451
774.785766602,1220.57543945,1023.17779541,794.525512695,1420892896,145453
853.744812012,404.665161133,391.505310059,873.484558105,1420892896,145453
1011.66290283,0.0,365.185638428,1031.40270996,1420892896,145454
853.744812012,894.86932373,838.940002441,873.484558105,1420892896,145454
906.384155273,342.155914307,444.144683838,926.123962402,1420892896,145454
906.384155273,552.713378906,628.382507324,899.804260254,1420892896,145455
906.384155273,526.393737793,628.382507324,899.804260254,1420892896,145455
827.425109863,894.86932373,865.259643555,820.845214844,1420892896,145455
801.105407715,921.188964844,838.940002441,768.205810547,1420892896,145456
880.064453125,421.114959717,523.103759766,847.164855957,1420892896,145456
906.384155273,552.713378906,628.382507324,873.484558105,1420892896,145456
906.384155273,605.352783203,628.382507324,873.484558105,1420892896,145457
906.384155273,526.393737793,654.702148438,899.804260254,1420892896,145457
774.785766602,1184.38586426,1023.17779541,741.886108398,1420892896,145457
880.064453125,236.877166748,312.546264648,873.484558105,1420892896,145458
840.584960938,763.270874023,838.940002441,847.164855957,1420892896,219214
801.105407715,631.672424316,575.743103027,794.525512695,1420892896,219216
853.744812012,579.033081055,654.702148438,873.484558105,1420892896,219216
827.425109863,736.951171875,707.341552734,820.845214844,1420892896,219216
932.703857422,289.516540527,496.784057617,926.123962402,1420892896,219217
880.064453125,736.951171875,759.980895996,873.484558105,1420892896,219217
866.904663086,684.311828613,681.021850586,873.484558105,1420892896,219217
893.224304199,394.795288086,470.464385986,899.804260254,1420892896,219217
919.544006348,394.795288086,602.062805176,926.123962402,1420892896,219218
787.945556641,868.549621582,786.300598145,820.845214844,1420892896,219218
853.744812012,579.033081055,628.382507324,873.484558105,1420892896,219218
748.466064453,947.508666992,812.620300293,741.886108398,1420892896,219219
959.02355957,0.0,154.628158569,952.443603516,1420892896,219219
853.744812012,947.508666992,865.259643555,873.484558105,1420892896,219219
840.584960938,736.951171875,628.382507324,847.164855957,1420892896,219220
827.425109863,710.631530762,654.702148438,847.164855957,1420892896,219220
774.785766602,1131.74645996,812.620300293,768.205810547,1420892896,294190
906.384155273,394.795288086,391.505310059,926.123962402,1420892896,294191
774.785766602,1447.5826416,1023.17779541,794.525512695,1420892896,294192
932.703857422,394.795288086,286.226593018,952.443603516,1420892896,294192
801.105407715,1552.8614502,1075.81713867,820.845214844,1420892896,294192
880.064453125,710.631530762,391.505310059,899.804260254,1420892896,294193
853.744812012,1237.02526855,865.259643555,899.804260254,1420892896,294193
827.425109863,1131.74645996,602.062805176,873.484558105,1420892896,294193
932.703857422,921.188964844,602.062805176,1005.08300781,1420892896,294195
801.105407715,1658.14013672,970.538391113,847.164855957,1420892896,294195
1037.98254395,500.074035645,233.587203979,1084.04199219,1420892896,294195
880.064453125,1682.81494141,1128.45654297,926.123962402,1420892896,294196
880.064453125,1156.42114258,549.423461914,899.804260254,1420892896,294196
880.064453125,1051.14245605,602.062805176,899.804260254,1420892896,294196
906.384155273,1156.42114258,602.062805176,926.123962402,1420892896,294197
880.064453125,1156.42114258,654.702148438,899.804260254,1420892896,294197
932.703857422,998.503051758,575.743103027,939.283752441,1420892896,366691
932.703857422,1340.65893555,812.620300293,912.964111328,1420892896,366693
827.425109863,1445.93774414,733.661254883,807.68536377,1420892896,366693
1090.62194824,366.830627441,49.3494110107,1097.2019043,1420892896,366693
985.343200684,1551.21643066,944.218688965,978.763305664,1420892896,366694
985.343200684,1156.42114258,496.784057617,991.923156738,1420892896,366694
985.343200684,1235.38024902,654.702148438,978.763305664,1420892896,366694
959.02355957,1366.9786377,707.341552734,952.443603516,1420892896,366694
1064.30224609,708.98651123,312.546264648,1070.88220215,1420892896,366695
959.02355957,1551.21643066,944.218688965,965.60345459,1420892896,366695
959.02355957,1288.01965332,602.062805176,965.60345459,1420892896,366695
1116.94165039,787.945556641,391.505310059,1136.68139648,1420892896,366696
1064.30224609,1393.29833984,707.341552734,1057.72241211,1420892896,366696
1064.30224609,1130.10144043,523.103759766,1044.5625,1420892896,366696
1037.98254395,1288.01965332,628.382507324,1005.08300781,1420892896,366697
1116.94165039,840.584960938,312.546264648,1070.88220215,1420892896,366697
1116.94165039,893.224304199,417.825012207,1070.88220215,1420892896,446690
1116.94165039,998.503051758,496.784057617,1070.88220215,1420892896,446691
985.343200684,1577.53613281,812.620300293,912.964111328,1420892896,446692
1064.30224609,735.306213379,286.226593018,991.923156738,1420892896,446692
1143.26135254,840.584960938,444.144683838,1070.88220215,1420892896,446692
1090.62194824,1103.78186035,575.743103027,991.923156738,1420892896,446693
1090.62194824,1103.78186035,549.423461914,991.923156738,1420892896,446693
985.343200684,1524.89672852,786.300598145,860.324707031,1420892896,446693
1143.26135254,472.109344482,128.30847168,991.923156738,1420892896,446693
1064.30224609,1366.9786377,812.620300293,886.64440918,1420892896,446694
1116.94165039,682.666870117,207.26751709,965.60345459,1420892896,446694
1011.66290283,1419.61804199,865.259643555,912.964111328,1420892896,446694
1011.66290283,1051.14245605,391.505310059,886.64440918,1420892896,446695
1169.58105469,366.830627441,128.30847168,1070.88220215,1420892896,446695
985.343200684,1419.61804199,812.620300293,886.64440918,1420892896,446695
985.343200684,1366.9786377,628.382507324,886.64440918,1420892896,446695
932.703857422,1366.9786377,707.341552734,860.324707031,1420892896,507994
1064.30224609,787.945556641,391.505310059,1018.24285889,1420892896,507996
985.343200684,1419.61804199,786.300598145,939.283752441,1420892896,507996
1169.58105469,340.510925293,128.30847168,1123.52160645,1420892896,507997
1143.26135254,1156.42114258,733.661254883,1097.2019043,1420892896,507997
1116.94165039,1051.14245605,523.103759766,1044.5625,1420892896,507997
1169.58105469,919.544006348,496.784057617,1149.84130859,1420892896,507998
1116.94165039,1235.38024902,681.021850586,1070.88220215,1420892896,507998
1116.94165039,1235.38024902,628.382507324,1070.88220215,1420892896,508000
1090.62194824,1366.9786377,759.980895996,1044.5625,1420892896,508000
1090.62194824,1288.01965332,654.702148438,1044.5625,1420892896,508000
1195.90075684,735.306213379,365.185638428,1176.16088867,1420892896,508001
1090.62194824,1577.53613281,1023.17779541,1018.24285889,1420892896,508002
1090.62194824,1393.29833984,681.021850586,991.923156738,1420892896,508002
1169.58105469,656.347167969,365.185638428,1097.2019043,1420892896,508002
1037.98254395,1682.81494141,996.858093262,991.923156738,1420892896,508003
1116.94165039,735.306213379,312.546264648,1070.88220215,1420892896,580523
1116.94165039,1156.42114258,838.940002441,1070.88220215,1420892896,580525
1064.30224609,1261.69995117,733.661254883,965.60345459,1420892896,580525
1222.22033691,524.748718262,417.825012207,1123.52160645,1420892896,580525
1064.30224609,1577.53613281,1049.49743652,991.923156738,1420892896,580526
1248.54003906,472.109344482,259.906890869,1176.16088867,1420892896,580526
1064.30224609,1682.81494141,1233.73522949,991.923156738,1420892896,580527
1169.58105469,735.306213379,391.505310059,1070.88220215,1420892896,580527
1248.54003906,524.748718262,444.144683838,1176.16088867,1420892896,580527
1064.30224609,1630.17553711,1075.81713867,965.60345459,1420892896,580528
1064.30224609,1209.06054688,707.341552734,965.60345459,1420892896,580528
1143.26135254,735.306213379,496.784057617,1044.5625,1420892896,580529
1143.26135254,1051.14245605,681.021850586,1070.88220215,1420892896,580529
1090.62194824,1103.78186035,733.661254883,1018.24285889,1420892896,580529
1090.62194824,1103.78186035,733.661254883,1018.24285889,1420892896,580530
1090.62194824,1103.78186035,654.702148438,1018.24285889,1420892896,580530
838.940002441,537.908569336,588.902954102,827.425109863,1420892896,597935
917.899047852,248.392028809,509.943908691,880.064453125,1420892896,660547
786.300598145,1248.54003906,1062.65734863,748.466064453,1420892896,660564
733.661254883,1169.58105469,957.378540039,669.507019043,1420892896,660565
838.940002441,511.588897705,588.902954102,774.785766602,1420892896,660566
891.579345703,537.908569336,615.22265625,827.425109863,1420892896,660566
865.259643555,274.711730957,588.902954102,827.425109863,1420892896,660567
786.300598145,1037.98254395,1062.65734863,722.146362305,1420892896,660567
759.980895996,1143.26135254,931.058898926,643.187316895,1420892896,660568
838.940002441,590.547912598,694.18170166,774.785766602,1420892896,660569
759.980895996,1037.98254395,1010.01794434,669.507019043,1420892896,660569
812.620300293,564.228271484,694.18170166,722.146362305,1420892896,660570
733.661254883,1090.62194824,1062.65734863,643.187316895,1420892896,660571
891.579345703,327.351074219,483.624206543,774.785766602,1420892896,660571
865.259643555,722.146362305,852.09979248,774.785766602,1420892896,660572
812.620300293,906.384155273,878.419494629,748.466064453,1420892896,660573
759.980895996,1169.58105469,1062.65734863,669.507019043,1420892896,660573
838.940002441,511.588897705,615.22265625,748.466064453,1420892896,734269
838.940002441,880.064453125,957.378540039,748.466064453,1420892896,734271
838.940002441,458.949523926,641.542358398,722.146362305,1420892896,734271
957.378540039,195.752655029,615.22265625,853.744812012,1420892896,734272
759.980895996,1274.85974121,1220.57543945,669.507019043,1420892896,734272
878.419494629,274.711730957,536.26361084,774.785766602,1420892896,734273
917.899047852,511.588897705,852.09979248,801.105407715,1420892896,734273
759.980895996,1143.26135254,1167.93603516,643.187316895,1420892896,734275
773.14074707,722.146362305,825.780151367,669.507019043,1420892896,734275
852.09979248,643.187316895,746.821105957,722.146362305,1420892896,734276
891.579345703,248.392028809,641.542358398,774.785766602,1420892896,734277
865.259643555,616.867614746,799.460449219,748.466064453,1420892896,734277
865.259643555,669.507019043,825.780151367,748.466064453,1420892896,734278
786.300598145,932.703857422,1010.01794434,669.507019043,1420892896,734278
865.259643555,432.629821777,694.18170166,748.466064453,1420892896,734278
904.739196777,432.629821777,746.821105957,774.785766602,1420892896,734279
891.579345703,537.908569336,773.14074707,722.146362305,1420892896,806834
786.300598145,1037.98254395,1036.33764648,616.867614746,1420892896,806836
838.940002441,485.269195557,615.22265625,669.507019043,1420892896,806836
878.419494629,406.310150146,694.18170166,722.146362305,1420892896,806837
878.419494629,616.867614746,773.14074707,695.826660156,1420892896,806837
865.259643555,906.384155273,878.419494629,643.187316895,1420892896,806837
825.780151367,906.384155273,825.780151367,616.867614746,1420892896,806838
825.780151367,695.826660156,746.821105957,616.867614746,1420892896,806838
825.780151367,748.466064453,825.780151367,616.867614746,1420892896,806838
759.980895996,932.703857422,904.739196777,537.908569336,1420892896,806838
865.259643555,537.908569336,641.542358398,616.867614746,1420892896,806839
891.579345703,511.588897705,641.542358398,616.867614746,1420892896,806839
931.058898926,222.072341919,509.943908691,669.507019043,1420892896,806839
812.620300293,1222.22033691,1088.97692871,564.228271484,1420892896,806840
759.980895996,1037.98254395,878.419494629,511.588897705,1420892896,806840
865.259643555,458.949523926,562.583251953,616.867614746,1420892896,806840
891.579345703,774.785766602,773.14074707,630.02746582,1420892896,879303
865.259643555,695.826660156,694.18170166,613.577697754,1420892896,879305
838.940002441,853.744812012,799.460449219,597.127868652,1420892896,879305
891.579345703,327.351074219,430.984863281,672.796936035,1420892896,879306
812.620300293,1011.66290283,904.739196777,570.808166504,1420892896,879306
944.218688965,143.113296509,246.747055054,702.406616211,1420892896,879306
917.899047852,669.507019043,641.542358398,682.666870117,1420892896,879307
838.940002441,932.703857422,694.18170166,583.968017578,1420892896,879307
944.218688965,169.43296814,273.066741943,692.536743164,1420892896,879307
812.620300293,1195.90075684,904.739196777,554.358398438,1420892896,879308
812.620300293,827.425109863,641.542358398,567.518188477,1420892896,879308
759.980895996,1011.66290283,825.780151367,537.908569336,1420892896,879308
891.579345703,222.072341919,246.747055054,692.536743164,1420892896,879308
891.579345703,537.908569336,615.22265625,666.217041016,1420892896,879309
865.259643555,748.466064453,615.22265625,636.607421875,1420892896,879309
812.620300293,1116.94165039,878.419494629,587.257995605,1420892896,879309
812.620300293,748.466064453,588.902954102,587.257995605,1420892896,953055
891.579345703,537.908569336,536.26361084,666.217041016,1420892896,953056
838.940002441,748.466064453,641.542358398,587.257995605,1420892896,953057
970.538391113,116.79360199,220.427368164,718.856384277,1420892896,953057
812.620300293,1485.41723633,1088.97692871,587.257995605,1420892896,953058
917.899047852,590.547912598,430.984863281,666.217041016,1420892896,953058
970.538391113,590.547912598,509.943908691,745.176086426,1420892896,953059
865.259643555,1064.30224609,825.780151367,666.217041016,1420892896,953060
917.899047852,643.187316895,562.583251953,718.856384277,1420892896,953061
838.940002441,1116.94165039,878.419494629,639.897338867,1420892896,953061
970.538391113,485.269195557,352.025787354,745.176086426,1420892896,953062
996.858093262,590.547912598,615.22265625,771.495788574,1420892896,953063
812.620300293,1274.85974121,878.419494629,587.257995605,1420892896,953063
996.858093262,432.629821777,325.706115723,771.495788574,1420892896,953064
970.538391113,1064.30224609,799.460449219,771.495788574,1420892896,953064
1102.13684082,222.072341919,246.747055054,903.094238281,1420892896,953064
1075.81713867,643.187316895,562.583251953,903.094238281,1420892897,24226
1049.49743652,801.105407715,667.861999512,850.454833984,1420892897,24228
970.538391113,1169.58105469,773.14074707,771.495788574,1420892897,24228
1075.81713867,511.588897705,352.025787354,929.413879395,1420892897,24228
996.858093262,1064.30224609,799.460449219,850.454833984,1420892897,24229
996.858093262,669.507019043,457.304534912,876.774536133,1420892897,24229
996.858093262,827.425109863,667.861999512,876.774536133,1420892897,24229
944.218688965,1011.66290283,720.501403809,797.815490723,1420892897,24230
1049.49743652,248.392028809,246.747055054,929.413879395,1420892897,24230
865.259643555,1222.22033691,852.09979248,771.495788574,1420892897,24230
944.218688965,353.670776367,220.427368164,824.135131836,1420892897,24231
996.858093262,695.826660156,588.902954102,876.774536133,1420892897,24231
996.858093262,432.629821777,378.345489502,876.774536133,1420892897,24231
996.858093262,722.146362305,615.22265625,876.774536133,1420892897,24232
838.940002441,1248.54003906,799.460449219,718.856384277,1420892897,24232
917.899047852,695.826660156,483.624206543,797.815490723,1420892897,24232
1049.49743652,774.785766602,615.22265625,903.094238281,1420892897,98046
1049.49743652,748.466064453,536.26361084,876.774536133,1420892897,98049
1023.17779541,959.02355957,694.18170166,850.454833984,1420892897,98050
1023.17779541,774.785766602,509.943908691,850.454833984,1420892897,98050
1036.33764648,748.466064453,509.943908691,876.774536133,1420892897,98051
1075.81713867,748.466064453,509.943908691,935.993835449,1420892897,98051
1075.81713867,932.703857422,667.861999512,955.733581543,1420892897,98052
1023.17779541,1274.85974121,825.780151367,870.194580078,1420892897,98052
1246.8951416,511.588897705,457.304534912,1080.7520752,1420892897,98053
1246.8951416,906.384155273,641.542358398,1074.17211914,1420892897,98053
1246.8951416,748.466064453,457.304534912,1080.7520752,1420892897,98053
1115.29663086,1327.49914551,825.780151367,949.153686523,1420892897,98054
1246.8951416,590.547912598,352.025787354,1067.59228516,1420892897,98054
1325.85412598,537.908569336,457.304534912,1172.87097168,1420892897,98055
1365.33374023,774.785766602,588.902954102,1205.77062988,1420892897,98055
1299.53442383,1195.90075684,799.460449219,1159.71118164,1420892897,98056
1246.8951416,1195.90075684,746.821105957,1080.7520752,1420892897,166734
1404.81323242,353.670776367,246.747055054,1212.35046387,1420892897,166736
1352.17382812,774.785766602,536.26361084,1186.03088379,1420892897,166736
1431.13293457,511.588897705,325.706115723,1238.67016602,1420892897,166736
1431.13293457,827.425109863,562.583251953,1238.67016602,1420892897,166737
1404.81323242,1090.62194824,641.542358398,1159.71118164,1420892897,166737
1562.73132324,406.310150146,299.386413574,1317.62927246,1420892897,166737
1510.09191895,880.064453125,641.542358398,1264.98986816,1420892897,166739
1483.7722168,1195.90075684,773.14074707,1238.67016602,1420892897,166739
1483.7722168,1195.90075684,746.821105957,1212.35046387,1420892897,166739
1589.05102539,406.310150146,220.427368164,1317.62927246,1420892897,166740
1510.09191895,1143.26135254,746.821105957,1238.67016602,1420892897,166741
1641.69042969,458.949523926,273.066741943,1370.26867676,1420892897,166741
1589.05102539,827.425109863,641.542358398,1343.94897461,1420892897,166741
1562.73132324,1301.17944336,825.780151367,1264.98986816,1420892897,166742
1682.81494141,0.0,0.0,1501.86706543,1420892897,166742
1472.25744629,1266.6348877,1205.77062988,1472.25744629,1420892897,166742
1472.25744629,1161.3560791,995.213134766,1524.89672852,1420892897,239220
1498.57714844,950.79864502,968.893432617,1577.53613281,1420892897,239221
1551.21643066,450.724609375,600.41784668,1630.17553711,1420892897,239222
1419.61804199,1029.75769043,1021.53277588,1524.89672852,1420892897,239222
1498.57714844,424.404937744,653.057189941,1603.85583496,1420892897,239222
1366.9786377,1345.59387207,1284.72961426,1498.57714844,1420892897,239223
1472.25744629,1003.43798828,942.573730469,1577.53613281,1420892897,239223
1551.21643066,55.9293327332,310.901275635,1682.81494141,1420892897,239223
1472.25744629,1161.3560791,1205.77062988,1577.53613281,1420892897,239224
1445.93774414,1266.6348877,1126.81152344,1498.57714844,1420892897,239224
1445.93774414,1056.07739258,1047.85253906,1419.61804199,1420892897,239224
1498.57714844,477.044311523,574.098144531,1551.21643066,1420892897,239224
1445.93774414,792.880554199,863.614685059,1524.89672852,1420892897,239225
1419.61804199,1029.75769043,1047.85253906,1498.57714844,1420892897,239225
1445.93774414,924.478942871,942.573730469,1577.53613281,1420892897,239225
1472.25744629,845.519897461,863.614685059,1577.53613281,1420892897,239226
1577.53613281,240.167129517,521.458740234,1682.81494141,1420892897,329235
1472.25744629,1056.07739258,1100.49182129,1630.17553711,1420892897,329236
1419.61804199,1319.27429199,1232.09033203,1577.53613281,1420892897,329237
1524.89672852,608.642700195,732.016235352,1682.81494141,1420892897,329237
1445.93774414,582.323059082,574.098144531,1630.17553711,1420892897,329237
1419.61804199,845.519897461,863.614685059,1603.85583496,1420892897,329238
1419.61804199,792.880554199,837.29498291,1603.85583496,1420892897,329238
1288.01965332,1345.59387207,1179.45092773,1498.57714844,1420892897,329238
1524.89672852,55.9293327332,389.860351562,1682.81494141,1420892897,329239
1366.9786377,871.839599609,942.573730469,1551.21643066,1420892897,329239
1366.9786377,924.478942871,889.934387207,1551.21643066,1420892897,329239
1340.65893555,924.478942871,942.573730469,1498.57714844,1420892897,329240
1340.65893555,898.159240723,837.29498291,1551.21643066,1420892897,329240
1551.21643066,108.568702698,574.098144531,1682.81494141,1420892897,329240
1393.29833984,1135.03637695,1126.81152344,1551.21643066,1420892897,329241
1366.9786377,1135.03637695,968.893432617,1551.21643066,1420892897,329241
1366.9786377,1135.03637695,968.893432617,1524.89672852,1420892897,391729
1472.25744629,713.921447754,705.696594238,1577.53613281,1420892897,391731
1393.29833984,1292.95458984,1047.85253906,1498.57714844,1420892897,391732
1603.85583496,450.724609375,574.098144531,1682.81494141,1420892897,391732
1419.61804199,1556.15136719,1179.45092773,1524.89672852,1420892897,391732
1551.21643066,661.282104492,468.819396973,1630.17553711,1420892897,391733
1630.17553711,240.167129517,442.499725342,1682.81494141,1420892897,391734
1445.93774414,1135.03637695,889.934387207,1524.89672852,1420892897,391735
1445.93774414,819.200195312,626.737487793,1524.89672852,1420892897,391735
1445.93774414,1029.75769043,837.29498291,1524.89672852,1420892897,391736
1393.29833984,1135.03637695,837.29498291,1419.61804199,1420892897,391737
1314.3392334,1187.67578125,837.29498291,1340.65893555,1420892897,391737
1445.93774414,608.642700195,626.737487793,1472.25744629,1420892897,391737
1288.01965332,1398.23327637,995.213134766,1314.3392334,1420892897,391738
1524.89672852,398.085235596,363.540649414,1524.89672852,1420892897,391738
1498.57714844,766.560852051,784.655639648,1498.57714844,1420892897,391738
1419.61804199,924.478942871,732.016235352,1419.61804199,1420892897,464261
1340.65893555,1240.31518555,889.934387207,1340.65893555,1420892897,464262
1419.61804199,977.118347168,679.37689209,1393.29833984,1420892897,464263
1551.21643066,792.880554199,732.016235352,1498.57714844,1420892897,464263
1472.25744629,1108.71679688,810.975280762,1419.61804199,1420892897,464263
1577.53613281,556.003356934,521.458740234,1524.89672852,1420892897,464264
1445.93774414,1108.71679688,863.614685059,1419.61804199,1420892897,464264
1393.29833984,1240.31518555,837.29498291,1340.65893555,1420892897,464264
1656.49523926,266.486816406,468.819396973,1603.85583496,1420892897,464265
1445.93774414,1345.59387207,1074.17211914,1393.29833984,1420892897,464265
1419.61804199,1135.03637695,732.016235352,1340.65893555,1420892897,464265
1524.89672852,582.323059082,574.098144531,1472.25744629,1420892897,464266
1524.89672852,950.79864502,810.975280762,1472.25744629,1420892897,464266
1472.25744629,1003.43798828,863.614685059,1445.93774414,1420892897,464266
1551.21643066,661.282104492,653.057189941,1524.89672852,1420892897,464267
1577.53613281,608.642700195,679.37689209,1551.21643066,1420892897,464267
1524.89672852,924.478942871,784.655639648,1472.25744629,1420892897,534232
1577.53613281,556.003356934,600.41784668,1551.21643066,1420892897,534234
1366.9786377,1345.59387207,995.213134766,1366.9786377,1420892897,534234
1340.65893555,1108.71679688,784.655639648,1314.3392334,1420892897,534234
1524.89672852,450.724609375,521.458740234,1524.89672852,1420892897,534234
1472.25744629,740.241149902,732.016235352,1498.57714844,1420892897,534235
1340.65893555,1056.07739258,837.29498291,1340.65893555,1420892897,534235
1340.65893555,687.601806641,600.41784668,1340.65893555,1420892897,534235
1366.9786377,450.724609375,600.41784668,1366.9786377,1420892897,534236
1235.38024902,1029.75769043,810.975280762,1235.38024902,1420892897,534236
1340.65893555,556.003356934,626.737487793,1366.9786377,1420892897,534236
1130.10144043,1371.91357422,1047.85253906,1182.74084473,1420892897,534237
1288.01965332,713.921447754,705.696594238,1288.01965332,1420892897,534237
1393.29833984,556.003356934,758.3359375,1393.29833984,1420892897,534237
1366.9786377,740.241149902,784.655639648,1366.9786377,1420892897,534238
1261.69995117,1240.31518555,968.893432617,1288.01965332,1420892897,534238
1222.22033691,1240.31518555,916.25402832,1261.69995117,1420892897,606767
1419.61804199,713.921447754,758.3359375,1472.25744629,1420892897,606768
1419.61804199,898.159240723,889.934387207,1472.25744629,1420892897,606768
1406.45825195,819.200195312,837.29498291,1419.61804199,1420892897,606769
1353.81884766,1029.75769043,863.614685059,1393.29833984,1420892897,606769
1459.09753418,529.683654785,600.41784668,1498.57714844,1420892897,606769
1445.93774414,740.241149902,810.975280762,1498.57714844,1420892897,606771
1472.25744629,608.642700195,653.057189941,1551.21643066,1420892897,606771
1274.85974121,1319.27429199,1021.53277588,1340.65893555,1420892897,606771
1235.38024902,1319.27429199,968.893432617,1288.01965332,1420892897,606772
1485.41723633,582.323059082,705.696594238,1551.21643066,1420892897,606773
1459.09753418,845.519897461,863.614685059,1524.89672852,1420892897,606773
1419.61804199,845.519897461,837.29498291,1472.25744629,1420892897,606773
1406.45825195,792.880554199,758.3359375,1472.25744629,1420892897,606773
1419.61804199,661.282104492,758.3359375,1498.57714844,1420892897,606774
1366.9786377,898.159240723,810.975280762,1445.93774414,1420892897,606774
1551.21643066,319.126190186,626.737487793,1603.85583496,1420892897,684221
1393.29833984,1082.39709473,968.893432617,1445.93774414,1420892897,684222
1472.25744629,713.921447754,732.016235352,1472.25744629,1420892897,684222
1472.25744629,687.601806641,758.3359375,1498.57714844,1420892897,684223
1393.29833984,1003.43798828,889.934387207,1419.61804199,1420892897,684223
1366.9786377,1082.39709473,889.934387207,1366.9786377,1420892897,684223
1314.3392334,1003.43798828,863.614685059,1340.65893555,1420892897,684224
1419.61804199,845.519897461,810.975280762,1445.93774414,1420892897,684224
1498.57714844,503.363983154,784.655639648,1577.53613281,1420892897,684224
1393.29833984,1082.39709473,995.213134766,1445.93774414,1420892897,684225
1366.9786377,1082.39709473,968.893432617,1393.29833984,1420892897,684225
1366.9786377,924.478942871,889.934387207,1445.93774414,1420892897,684225
1472.25744629,924.478942871,942.573730469,1524.89672852,1420892897,684225
1498.57714844,740.241149902,837.29498291,1524.89672852,1420892897,684226
1472.25744629,924.478942871,916.25402832,1524.89672852,1420892897,684226
1366.9786377,1240.31518555,968.893432617,1366.9786377,1420892897,684226
1603.85583496,398.085235596,626.737487793,1603.85583496,1420892897,761691
1603.85583496,713.921447754,810.975280762,1603.85583496,1420892897,761693
1551.21643066,766.560852051,784.655639648,1524.89672852,1420892897,761693
1366.9786377,1292.95458984,916.25402832,1340.65893555,1420892897,761693
1498.57714844,661.282104492,600.41784668,1419.61804199,1420892897,761694
1603.85583496,608.642700195,679.37689209,1524.89672852,1420892897,761694
1472.25744629,871.839599609,758.3359375,1393.29833984,1420892897,761694
1445.93774414,1029.75769043,784.655639648,1340.65893555,1420892897,761695
1524.89672852,687.601806641,679.37689209,1419.61804199,1420892897,761695
1524.89672852,845.519897461,784.655639648,1419.61804199,1420892897,761695
1551.21643066,740.241149902,705.696594238,1419.61804199,1420892897,761695
1472.25744629,1003.43798828,863.614685059,1366.9786377,1420892897,761696
1445.93774414,1003.43798828,784.655639648,1314.3392334,1420892897,761696
1630.17553711,424.404937744,600.41784668,1498.57714844,1420892897,761696
1630.17553711,503.363983154,626.737487793,1498.57714844,1420892897,761697
1551.21643066,792.880554199,705.696594238,1419.61804199,1420892897,761697
906.384155273,1218.93041992,875.129516602,927.768920898,1420892897,761698
1024.82275391,560.938293457,611.932678223,1006.72796631,1420892897,831723
1090.62194824,692.536743164,743.53112793,1059.36730957,1420892897,831725
1051.14245605,639.897338867,690.891723633,1006.72796631,1420892897,831725
1090.62194824,718.856384277,796.170471191,1033.04760742,1420892897,831725
1051.14245605,771.495788574,717.211425781,1006.72796631,1420892897,831726
1064.30224609,403.020172119,638.252380371,1006.72796631,1420892897,831727
1090.62194824,560.938293457,690.891723633,1033.04760742,1420892897,831728
1077.4621582,560.938293457,743.53112793,1033.04760742,1420892897,831728
853.744812012,1087.33203125,848.809875488,822.49017334,1420892897,831729
880.064453125,929.413879395,717.211425781,822.49017334,1420892897,831729
906.384155273,824.135131836,822.49017334,848.809875488,1420892897,831729
774.785766602,1061.0123291,822.49017334,717.211425781,1420892897,831730
959.02355957,429.339874268,638.252380371,901.44921875,1420892897,831730
787.945556641,1087.33203125,901.44921875,743.53112793,1420892897,831730
959.02355957,324.061126709,480.334259033,927.768920898,1420892897,831731
866.904663086,745.176086426,822.49017334,822.49017334,1420892897,831731
840.584960938,850.454833984,796.170471191,796.170471191,1420892897,905496
893.224304199,481.979248047,690.891723633,848.809875488,1420892897,905498
866.904663086,692.536743164,875.129516602,822.49017334,1420892897,905498
840.584960938,771.495788574,848.809875488,822.49017334,1420892897,905499
814.265258789,771.495788574,875.129516602,769.850830078,1420892897,905499
840.584960938,639.897338867,796.170471191,769.850830078,1420892897,905499
840.584960938,876.774536133,1059.36730957,769.850830078,1420892897,905499
814.265258789,876.774536133,901.44921875,743.53112793,1420892897,905500
1024.82275391,218.78237915,796.170471191,954.088623047,1420892897,905500
708.98651123,1324.20922852,1190.96582031,664.57208252,1420892897,905500
787.945556641,639.897338867,796.170471191,690.891723633,1420892897,905501
866.904663086,718.856384277,980.40826416,796.170471191,1420892897,905501
708.98651123,1113.6517334,1112.00671387,638.252380371,1420892897,905501
814.265258789,639.897338867,822.49017334,717.211425781,1420892897,905502
840.584960938,771.495788574,1059.36730957,743.53112793,1420892897,905502
761.625915527,982.053283691,980.40826416,690.891723633,1420892897,905502
945.863708496,350.38079834,769.850830078,901.44921875,1420892897,982967
787.945556641,1113.6517334,1164.64611816,717.211425781,1420892897,982969
761.625915527,903.094238281,1006.72796631,690.891723633,1420892897,982969
814.265258789,613.577697754,927.768920898,743.53112793,1420892897,982970
814.265258789,903.094238281,1059.36730957,769.850830078,1420892897,982970
840.584960938,771.495788574,954.088623047,796.170471191,1420892897,982970
893.224304199,718.856384277,954.088623047,848.809875488,1420892897,982971
735.306213379,1245.25012207,1190.96582031,717.211425781,1420892897,982971
735.306213379,1034.69262695,1059.36730957,717.211425781,1420892897,982971
945.863708496,350.38079834,796.170471191,927.768920898,1420892897,982972
840.584960938,1087.33203125,1243.60510254,822.49017334,1420892897,982972
787.945556641,1297.88952637,1164.64611816,769.850830078,1420892897,982972
866.904663086,771.495788574,954.088623047,875.129516602,1420892897,982972
919.544006348,982.053283691,1164.64611816,901.44921875,1420892897,982973
866.904663086,1271.56982422,1243.60510254,796.170471191,1420892897,982973
1077.4621582,376.700500488,743.53112793,1033.04760742,1420892897,982973
893.224304199,1350.52880859,1269.92480469,848.809875488,1420892898,51729
972.183410645,718.856384277,769.850830078,954.088623047,1420892898,51731
972.183410645,929.413879395,1112.00671387,954.088623047,1420892898,51731
972.183410645,929.413879395,980.40826416,927.768920898,1420892898,51731
972.183410645,876.774536133,1033.04760742,954.088623047,1420892898,51732
972.183410645,929.413879395,927.768920898,927.768920898,1420892898,51733
1235.38024902,139.82333374,690.891723633,1190.96582031,1420892898,51733
972.183410645,1271.56982422,1243.60510254,954.088623047,1420892898,51733
1077.4621582,534.618591309,717.211425781,1059.36730957,1420892898,51734
972.183410645,1008.3729248,1112.00671387,954.088623047,1420892898,51735
972.183410645,876.774536133,927.768920898,954.088623047,1420892898,51735
1182.74084473,192.46270752,769.850830078,1164.64611816,1420892898,51735
972.183410645,1245.25012207,1243.60510254,954.088623047,1420892898,51736
972.183410645,955.733581543,927.768920898,954.088623047,1420892898,51736
1024.82275391,692.536743164,901.44921875,980.40826416,1420892898,51736
1024.82275391,771.495788574,927.768920898,980.40826416,1420892898,51736
972.183410645,771.495788574,927.768920898,954.088623047,1420892898,122990
1051.14245605,666.217041016,848.809875488,1006.72796631,1420892898,122991
972.183410645,982.053283691,1059.36730957,927.768920898,1420892898,122991
945.863708496,982.053283691,927.768920898,901.44921875,1420892898,122992
1103.78186035,560.938293457,822.49017334,1033.04760742,1420892898,122992
893.224304199,1297.88952637,1085.68701172,875.129516602,1420892898,122992
1077.4621582,455.659545898,638.252380371,1033.04760742,1420892898,122992
866.904663086,1508.44702148,1190.96582031,822.49017334,1420892898,122993
1051.14245605,455.659545898,506.653930664,1006.72796631,1420892898,122993
945.863708496,1087.33203125,1085.68701172,901.44921875,1420892898,122993
814.265258789,1403.16821289,1059.36730957,743.53112793,1420892898,122994
998.503051758,560.938293457,717.211425781,901.44921875,1420892898,122994
919.544006348,1087.33203125,1059.36730957,822.49017334,1420892898,122994
840.584960938,1087.33203125,927.768920898,717.211425781,1420892898,122995
998.503051758,455.659545898,743.53112793,901.44921875,1420892898,122995
787.945556641,1297.88952637,1112.00671387,717.211425781,1420892898,122995
893.224304199,560.938293457,638.252380371,848.809875488,1420892898,192987
708.98651123,1297.88952637,1112.00671387,690.891723633,1420892898,192988
761.625915527,771.495788574,690.891723633,743.53112793,1420892898,192988
682.666870117,1192.61071777,1085.68701172,664.57208252,1420892898,192988
682.666870117,1087.33203125,848.809875488,638.252380371,1420892898,192989
814.265258789,771.495788574,848.809875488,796.170471191,1420892898,192989
577.388122559,1403.16821289,1085.68701172,559.293334961,1420892898,192989
682.666870117,876.774536133,848.809875488,690.891723633,1420892898,192990
630.02746582,1297.88952637,1190.96582031,664.57208252,1420892898,192990
551.06842041,1297.88952637,1059.36730957,532.973632812,1420892898,192990
787.945556641,560.938293457,822.49017334,769.850830078,1420892898,192991
524.748718262,1613.72570801,1375.20361328,506.653930664,1420892898,192991
551.06842041,1087.33203125,927.768920898,532.973632812,1420892898,192991
682.666870117,982.053283691,1033.04760742,690.891723633,1420892898,192991
524.748718262,1508.44702148,1269.92480469,506.653930664,1420892898,192992
603.707763672,876.774536133,875.129516602,559.293334961,1420892898,192992
603.707763672,1113.6517334,1164.64611816,585.612976074,1420892898,264221
498.429046631,1482.12731934,1164.64611816,480.334259033,1420892898,264222
735.306213379,639.897338867,875.129516602,743.53112793,1420892898,264222
603.707763672,1350.52880859,1269.92480469,611.932678223,1420892898,264223
630.02746582,1139.97143555,1138.32641602,611.932678223,1420892898,264223
682.666870117,982.053283691,1085.68701172,664.57208252,1420892898,264224
630.02746582,1271.56982422,1243.60510254,611.932678223,1420892898,264224
630.02746582,1245.25012207,1112.00671387,611.932678223,1420892898,264225
682.666870117,955.733581543,1112.00671387,664.57208252,1420892898,264226
524.748718262,1682.81494141,1427.84289551,506.653930664,1420892898,264226
735.306213379,945.863708496,1006.72796631,717.211425781,1420892898,264226
656.347167969,1366.9786377,1322.56420898,638.252380371,1420892898,264227
630.02746582,1366.9786377,1164.64611816,585.612976074,1420892898,264227
735.306213379,972.183410645,1112.00671387,717.211425781,1420892898,264227
656.347167969,1393.29833984,1322.56420898,611.932678223,1420892898,264228
866.904663086,787.945556641,1006.72796631,796.170471191,1420892898,264228
824.135131836,1077.4621582,1217.28540039,769.850830078,1420892898,344221
873.484558105,866.904663086,1085.68701172,829.070068359,1420892898,344223
738.596191406,1472.25744629,1375.20361328,723.791320801,1420892898,344223
771.495788574,1209.06054688,1164.64611816,723.791320801,1420892898,344224
801.105407715,1314.3392334,1269.92480469,743.53112793,1420892898,344224
827.425109863,1130.10144043,1138.32641602,750.111022949,1420892898,344224
853.744812012,998.503051758,1138.32641602,815.91027832,1420892898,344225
834.005004883,1314.3392334,1217.28540039,809.330322266,1420892898,344225
817.555236816,1288.01965332,1269.92480469,756.690979004,1420892898,344225
807.68536377,1314.3392334,1190.96582031,750.111022949,1420892898,344226
807.68536377,1261.69995117,1217.28540039,783.010620117,1420892898,344226
751.75604248,1393.29833984,1217.28540039,690.891723633,1420892898,344226
955.733581543,682.666870117,954.088623047,888.289367676,1420892898,344227
870.194580078,1051.14245605,1138.32641602,809.330322266,1420892898,344227
830.715087891,1130.10144043,1138.32641602,789.590576172,1420892898,344228
666.217041016,1682.81494141,1401.52319336,651.412231445,1420892898,344228
857.034729004,625.092529297,634.962402344,848.809875488,1420892898,344229
830.715087891,1019.88781738,950.79864502,822.49017334,1420892898,419237
830.715087891,783.010620117,766.560852051,796.170471191,1420892898,419238
909.674133301,598.772827148,766.560852051,875.129516602,1420892898,419239
751.75604248,1230.4453125,977.118347168,717.211425781,1420892898,419239
1041.27258301,72.3791351318,450.724609375,1006.72796631,1420892898,419239
909.674133301,861.969726562,950.79864502,875.129516602,1420892898,419239
830.715087891,861.969726562,792.880554199,822.49017334,1420892898,419240
909.674133301,440.854736328,661.282104492,901.44921875,1420892898,419240
909.674133301,572.453186035,766.560852051,901.44921875,1420892898,419240
830.715087891,967.248413086,845.519897461,796.170471191,1420892898,419241
909.674133301,361.8956604,608.642700195,875.129516602,1420892898,419250
699.116638184,1177.8059082,1029.75769043,664.57208252,1420892898,419250
857.034729004,335.57598877,529.683654785,822.49017334,1420892898,419251
857.034729004,677.731872559,898.159240723,848.809875488,1420892898,419251
751.75604248,1019.88781738,924.478942871,717.211425781,1420892898,419251
909.674133301,467.174407959,740.241149902,875.129516602,1420892898,419252
830.715087891,888.289367676,977.118347168,769.850830078,1420892898,499219
988.633178711,256.616943359,582.323059082,927.768920898,1420892898,499221
935.993835449,835.650024414,977.118347168,875.129516602,1420892898,499221
1014.95288086,256.616943359,582.323059082,980.40826416,1420892898,499221
935.993835449,677.731872559,898.159240723,927.768920898,1420892898,499223
988.633178711,203.97756958,556.003356934,927.768920898,1420892898,499223
988.633178711,414.53503418,898.159240723,954.088623047,1420892898,499224
857.034729004,625.092529297,845.519897461,796.170471191,1420892898,499225
1014.95288086,0.0,529.683654785,980.40826416,1420892898,499225
751.75604248,1210.70556641,1056.07739258,717.211425781,1420892898,499225
1041.27258301,0.0,371.765563965,1006.72796631,1420892898,499226
935.993835449,736.951171875,950.79864502,901.44921875,1420892898,499226
883.354431152,631.672424316,687.601806641,848.809875488,1420892898,499226
778.075683594,842.229919434,792.880554199,769.850830078,1420892898,499227
804.395385742,579.033081055,634.962402344,796.170471191,1420892898,499227
804.395385742,736.951171875,871.839599609,822.49017334,1420892898,499227
804.395385742,736.951171875,766.560852051,796.170471191,1420892898,559221
883.354431152,736.951171875,819.200195312,901.44921875,1420892898,559223
672.796936035,1579.18115234,950.79864502,690.891723633,1420892898,559223
883.354431152,736.951171875,634.962402344,927.768920898,1420892898,559223
725.436340332,1368.62365723,1029.75769043,769.850830078,1420892898,559223
857.034729004,736.951171875,608.642700195,848.809875488,1420892898,559224
699.116638184,1368.62365723,1003.43798828,690.891723633,1420892898,559224
962.313476562,315.836212158,345.445861816,980.40826416,1420892898,559224
804.395385742,1368.62365723,1003.43798828,822.49017334,1420892898,559225
857.034729004,947.508666992,503.363983154,848.809875488,1420892898,559225
857.034729004,947.508666992,845.519897461,848.809875488,1420892898,559225
751.75604248,1158.06616211,819.200195312,717.211425781,1420892898,559225
1041.27258301,315.836212158,529.683654785,1006.72796631,1420892898,559226
804.395385742,1368.62365723,1003.43798828,796.170471191,1420892898,559226
778.075683594,1158.06616211,766.560852051,769.850830078,1420892898,559226
830.715087891,947.508666992,687.601806641,796.170471191,1420892898,559227
857.034729004,894.86932373,634.962402344,901.44921875,1420892898,637954
672.796936035,1526.54174805,898.159240723,690.891723633,1420892898,637956
778.075683594,1000.14807129,556.003356934,769.850830078,1420892898,637956
725.436340332,1473.90234375,898.159240723,743.53112793,1420892898,637956
804.395385742,1105.42675781,608.642700195,796.170471191,1420892898,637957
883.354431152,1052.78747559,661.282104492,901.44921875,1420892898,637957
751.75604248,1315.98425293,661.282104492,769.850830078,1420892898,637957
751.75604248,1158.06616211,608.642700195,796.170471191,1420892898,637958
593.837890625,1631.82055664,845.519897461,611.932678223,1420892898,637958
778.075683594,894.86932373,503.363983154,796.170471191,1420892898,637958
725.436340332,1473.90234375,871.839599609,769.850830078,1420892898,637959
672.796936035,1473.90234375,687.601806641,690.891723633,1420892898,637959
909.674133301,842.229919434,582.323059082,954.088623047,1420892898,637959
672.796936035,1682.81494141,1029.75769043,717.211425781,1420892898,637960
935.993835449,524.748718262,398.085235596,901.44921875,1420892898,637960
804.395385742,1261.69995117,871.839599609,796.170471191,1420892898,637960
778.075683594,1156.42114258,582.323059082,717.211425781,1420892898,709204
857.034729004,945.863708496,608.642700195,769.850830078,1420892898,709205
804.395385742,1366.9786377,766.560852051,690.891723633,1420892898,709206
857.034729004,1024.82275391,503.363983154,717.211425781,1420892898,709206
962.313476562,787.945556641,529.683654785,875.129516602,1420892898,709211
778.075683594,1472.25744629,740.241149902,743.53112793,1420892898,709220
909.674133301,866.904663086,450.724609375,848.809875488,1420892898,709227
725.436340332,1498.57714844,766.560852051,638.252380371,1420892898,709235
935.993835449,524.748718262,266.486816406,848.809875488,1420892898,709242
751.75604248,1577.53613281,924.478942871,664.57208252,1420892898,709249
830.715087891,945.863708496,398.085235596,717.211425781,1420892898,709255
962.313476562,656.347167969,503.363983154,848.809875488,1420892898,709261
751.75604248,1419.61804199,713.921447754,664.57208252,1420892898,709269
751.75604248,1393.29833984,687.601806641,664.57208252,1420892898,709274
778.075683594,1314.3392334,661.282104492,664.57208252,1420892898,709280
830.715087891,1235.38024902,687.601806641,743.53112793,1420892898,709287
778.075683594,1393.29833984,713.921447754,664.57208252,1420892898,784211
988.633178711,498.429046631,319.126190186,927.768920898,1420892898,784212
699.116638184,1682.81494141,950.79864502,664.57208252,1420892898,784213
909.674133301,472.109344482,213.847442627,848.809875488,1420892898,784213
909.674133301,893.224304199,661.282104492,927.768920898,1420892898,784213
804.395385742,998.503051758,503.363983154,848.809875488,1420892898,784214
804.395385742,998.503051758,608.642700195,822.49017334,1420892898,784214
699.116638184,1314.3392334,661.282104492,690.891723633,1420892898,784214
909.674133301,366.830627441,240.167129517,901.44921875,1420892898,784214
830.715087891,998.503051758,687.601806641,848.809875488,1420892898,784215
725.436340332,1261.69995117,634.962402344,769.850830078,1420892898,784215
725.436340332,998.503051758,529.683654785,769.850830078,1420892898,784215
804.395385742,840.584960938,529.683654785,822.49017334,1420892898,784216
699.116638184,1314.3392334,740.241149902,717.211425781,1420892898,784216
857.034729004,524.748718262,319.126190186,927.768920898,1420892898,784216
699.116638184,1524.89672852,898.159240723,796.170471191,1420892898,784217
804.395385742,735.306213379,319.126190186,848.809875488,1420892898,852934
830.715087891,945.863708496,687.601806641,927.768920898,1420892898,852936
778.075683594,945.863708496,582.323059082,822.49017334,1420892898,852936
830.715087891,787.945556641,582.323059082,875.129516602,1420892898,852936
672.796936035,1314.3392334,687.601806641,743.53112793,1420892898,852937
962.313476562,261.551879883,266.486816406,1059.36730957,1420892898,852937
751.75604248,1261.69995117,792.880554199,848.809875488,1420892898,852937
778.075683594,787.945556641,450.724609375,875.129516602,1420892898,852937
725.436340332,1156.42114258,819.200195312,848.809875488,1420892898,852938
699.116638184,1156.42114258,661.282104492,822.49017334,1420892898,852938
935.993835449,524.748718262,529.683654785,1033.04760742,1420892898,852938
804.395385742,1366.9786377,950.79864502,901.44921875,1420892898,852939
804.395385742,1209.06054688,713.921447754,901.44921875,1420892898,852939
857.034729004,787.945556641,608.642700195,954.088623047,1420892898,852939
778.075683594,1209.06054688,766.560852051,901.44921875,1420892898,852939
751.75604248,1051.14245605,582.323059082,848.809875488,1420892898,852940
909.674133301,630.02746582,556.003356934,980.40826416,1420892898,917944
699.116638184,1682.81494141,1003.43798828,717.211425781,1420892898,917945
988.633178711,472.109344482,398.085235596,1006.72796631,1420892898,917945
909.674133301,998.503051758,766.560852051,1006.72796631,1420892898,917946
778.075683594,1156.42114258,661.282104492,875.129516602,1420892898,917947
883.354431152,682.666870117,503.363983154,980.40826416,1420892898,917947
857.034729004,893.224304199,687.601806641,954.088623047,1420892898,917947
830.715087891,998.503051758,687.601806641,875.129516602,1420892898,917948
909.674133301,630.02746582,477.044311523,980.40826416,1420892898,917949
699.116638184,1366.9786377,924.478942871,743.53112793,1420892898,917949
804.395385742,945.863708496,608.642700195,822.49017334,1420892898,917949
909.674133301,787.945556641,687.601806641,954.088623047,1420892898,917950
725.436340332,1472.25744629,898.159240723,796.170471191,1420892898,917950
909.674133301,577.388122559,424.404937744,980.40826416,1420892898,917950
804.395385742,1314.3392334,898.159240723,848.809875488,1420892898,917951
935.993835449,735.306213379,477.044311523,980.40826416,1420892898,917951
1037.98254395,671.151977539,792.880554199,1047.85253906,1420892898,927962
932.703857422,960.668518066,792.880554199,916.25402832,1420892899,4220
1064.30224609,539.553527832,687.601806641,1021.53277588,1420892899,4222
985.343200684,1065.94726562,950.79864502,942.573730469,1420892899,4222
1090.62194824,750.111022949,713.921447754,995.213134766,1420892899,4223
1037.98254395,934.348815918,792.880554199,942.573730469,1420892899,4223
1143.26135254,407.95513916,503.363983154,1100.49182129,1420892899,4223
959.02355957,1302.82446289,977.118347168,889.934387207,1420892899,4224
1195.90075684,223.717330933,371.765563965,1100.49182129,1420892899,4224
1143.26135254,723.791320801,819.200195312,1074.17211914,1420892899,4224
1037.98254395,1118.58666992,819.200195312,916.25402832,1420892899,4225
1037.98254395,986.988220215,792.880554199,942.573730469,1420892899,4225
1116.94165039,618.512634277,608.642700195,1047.85253906,1420892899,4225
1064.30224609,960.668518066,845.519897461,968.893432617,1420892899,4225
1064.30224609,592.192932129,529.683654785,968.893432617,1420892899,4226
1116.94165039,592.192932129,661.282104492,1047.85253906,1420892899,4226
932.703857422,1250.18505859,792.880554199,810.975280762,1420892899,4226
1195.90075684,250.037017822,371.765563965,1047.85253906,1420892899,77982
985.343200684,1223.86535645,845.519897461,837.29498291,1420892899,77984
1143.26135254,460.594482422,424.404937744,968.893432617,1420892899,77984
1037.98254395,1144.90637207,845.519897461,889.934387207,1420892899,77985
1195.90075684,407.95513916,371.765563965,995.213134766,1420892899,77985
1195.90075684,565.87322998,556.003356934,995.213134766,1420892899,77985
1037.98254395,934.348815918,582.323059082,837.29498291,1420892899,77985
1037.98254395,776.430725098,529.683654785,837.29498291,1420892899,77986
1143.26135254,407.95513916,450.724609375,916.25402832,1420892899,77986
1037.98254395,1013.30786133,713.921447754,810.975280762,1420892899,77986
1011.66290283,908.029174805,556.003356934,758.3359375,1420892899,77987
1064.30224609,697.471679688,556.003356934,810.975280762,1420892899,77987
985.343200684,986.988220215,661.282104492,732.016235352,1420892899,77987
1195.90075684,276.356689453,319.126190186,942.573730469,1420892899,77988
1143.26135254,539.553527832,503.363983154,889.934387207,1420892899,77988
1037.98254395,750.111022949,503.363983154,784.655639648,1420892899,77988
932.703857422,1065.94726562,661.282104492,705.696594238,1420892899,146693
985.343200684,644.832275391,450.724609375,784.655639648,1420892899,146694
985.343200684,750.111022949,556.003356934,784.655639648,1420892899,146695
985.343200684,618.512634277,424.404937744,784.655639648,1420892899,146696
1011.66290283,592.192932129,450.724609375,810.975280762,1420892899,146697
932.703857422,855.389770508,529.683654785,758.3359375,1420892899,146697
1064.30224609,592.192932129,424.404937744,889.934387207,1420892899,146698
1011.66290283,802.750427246,503.363983154,810.975280762,1420892899,146698
959.02355957,908.029174805,503.363983154,758.3359375,1420892899,146698
906.384155273,1171.22595215,608.642700195,705.696594238,1420892899,146699
1064.30224609,407.95513916,240.167129517,863.614685059,1420892899,146699
985.343200684,1013.30786133,608.642700195,810.975280762,1420892899,146699
1116.94165039,197.397644043,108.568702698,916.25402832,1420892899,146700
1064.30224609,750.111022949,556.003356934,889.934387207,1420892899,146700
959.02355957,934.348815918,450.724609375,758.3359375,1420892899,146700
1222.22033691,0.0,82.2490158081,1021.53277588,1420892899,146700
1037.98254395,1000.14807129,634.962402344,837.29498291,1420892899,219165
1011.66290283,1000.14807129,503.363983154,810.975280762,1420892899,219167
1011.66290283,789.590576172,424.404937744,810.975280762,1420892899,219167
1143.26135254,368.475585938,292.806488037,942.573730469,1420892899,219167
1011.66290283,1105.42675781,634.962402344,837.29498291,1420892899,219168
1116.94165039,421.114959717,240.167129517,942.573730469,1420892899,219168
985.343200684,1263.34484863,766.560852051,810.975280762,1420892899,219168
1064.30224609,631.672424316,266.486816406,863.614685059,1420892899,219169
1143.26135254,526.393737793,398.085235596,942.573730469,1420892899,219169
1143.26135254,579.033081055,345.445861816,942.573730469,1420892899,219169
1143.26135254,579.033081055,477.044311523,942.573730469,1420892899,219170
1011.66290283,1000.14807129,503.363983154,837.29498291,1420892899,219170
1037.98254395,789.590576172,424.404937744,863.614685059,1420892899,219170
959.02355957,1052.78747559,582.323059082,758.3359375,1420892899,219171
1116.94165039,421.114959717,240.167129517,863.614685059,1420892899,219171
1011.66290283,1000.14807129,634.962402344,784.655639648,1420892899,219171
1116.94165039,368.475585938,213.847442627,863.614685059,1420892899,297984
1011.66290283,1184.38586426,792.880554199,705.696594238,1420892899,297985
1011.66290283,815.91027832,398.085235596,705.696594238,1420892899,297986
1090.62194824,657.992126465,503.363983154,784.655639648,1420892899,297986
1090.62194824,657.992126465,398.085235596,784.655639648,1420892899,297986
1195.90075684,394.795288086,398.085235596,916.25402832,1420892899,297987
985.343200684,1184.38586426,740.241149902,679.37689209,1420892899,297987
1222.22033691,0.0,134.888381958,916.25402832,1420892899,297987
985.343200684,1315.98425293,898.159240723,705.696594238,1420892899,297988
1090.62194824,500.074035645,319.126190186,784.655639648,1420892899,297988
1037.98254395,1026.46777344,766.560852051,732.016235352,1420892899,297988
1037.98254395,657.992126465,424.404937744,732.016235352,1420892899,297988
1011.66290283,947.508666992,687.601806641,732.016235352,1420892899,297989
1064.30224609,394.795288086,266.486816406,784.655639648,1420892899,297989
1064.30224609,736.951171875,608.642700195,810.975280762,1420892899,297989
959.02355957,947.508666992,556.003356934,705.696594238,1420892899,297990
1090.62194824,526.393737793,503.363983154,784.655639648,1420892899,366713
985.343200684,1052.78747559,661.282104492,679.37689209,1420892899,366714
1222.22033691,105.278739929,213.847442627,942.573730469,1420892899,366715
1090.62194824,1105.42675781,766.560852051,784.655639648,1420892899,366716
1143.26135254,526.393737793,398.085235596,837.29498291,1420892899,366717
1064.30224609,894.86932373,661.282104492,784.655639648,1420892899,366717
1064.30224609,579.033081055,424.404937744,784.655639648,1420892899,366718
985.343200684,1052.78747559,792.880554199,732.016235352,1420892899,366718
985.343200684,736.951171875,450.724609375,732.016235352,1420892899,366719
985.343200684,842.229919434,608.642700195,732.016235352,1420892899,366719
985.343200684,631.672424316,424.404937744,732.016235352,1420892899,366719
1064.30224609,579.033081055,503.363983154,810.975280762,1420892899,366719
880.064453125,1210.70556641,713.921447754,600.41784668,1420892899,366720
1011.66290283,579.033081055,424.404937744,758.3359375,1420892899,366720
880.064453125,1105.42675781,634.962402344,626.737487793,1420892899,366720
1037.98254395,157.918106079,161.208068848,810.975280762,1420892899,366721
880.064453125,1000.14807129,740.241149902,679.37689209,1420892899,440486
959.02355957,368.475585938,319.126190186,732.016235352,1420892899,440487
827.425109863,1000.14807129,740.241149902,626.737487793,1420892899,440488
932.703857422,368.475585938,266.486816406,705.696594238,1420892899,440488
932.703857422,789.590576172,792.880554199,705.696594238,1420892899,440488
827.425109863,1000.14807129,740.241149902,574.098144531,1420892899,440489
906.384155273,579.033081055,634.962402344,705.696594238,1420892899,440489
827.425109863,789.590576172,740.241149902,600.41784668,1420892899,440489
1064.30224609,157.918106079,477.044311523,837.29498291,1420892899,440490
801.105407715,1421.26306152,1056.07739258,600.41784668,1420892899,440490
985.343200684,368.475585938,424.404937744,758.3359375,1420892899,440490
906.384155273,1000.14807129,950.79864502,679.37689209,1420892899,440491
1011.66290283,368.475585938,371.765563965,732.016235352,1420892899,440491
985.343200684,789.590576172,740.241149902,732.016235352,1420892899,440491
932.703857422,789.590576172,634.962402344,653.057189941,1420892899,440491
932.703857422,789.590576172,634.962402344,653.057189941,1420892899,440492
932.703857422,710.631530762,529.683654785,653.057189941,1420892899,510464
1064.30224609,368.475585938,529.683654785,784.655639648,1420892899,510466
853.744812012,1079.10705566,661.282104492,600.41784668,1420892899,510466
1064.30224609,105.278739929,240.167129517,837.29498291,1420892899,510467
880.064453125,1131.74645996,792.880554199,653.057189941,1420892899,510467
959.02355957,526.393737793,424.404937744,705.696594238,1420892899,510467
985.343200684,579.033081055,608.642700195,732.016235352,1420892899,510467
801.105407715,1131.74645996,766.560852051,574.098144531,1420892899,510468
801.105407715,947.508666992,661.282104492,574.098144531,1420892899,510468
853.744812012,605.352783203,529.683654785,600.41784668,1420892899,510468
853.744812012,894.86932373,740.241149902,600.41784668,1420892899,510469
748.466064453,1131.74645996,766.560852051,468.819396973,1420892899,510469
985.343200684,394.795288086,503.363983154,758.3359375,1420892899,510469
801.105407715,1500.2220459,1056.07739258,574.098144531,1420892899,510471
985.343200684,579.033081055,477.044311523,732.016235352,1420892899,510471
906.384155273,973.828369141,819.200195312,679.37689209,1420892899,510471
796.170471191,536.26361084,634.962402344,759.980895996,1420892899,510472
717.211425781,1378.49353027,1108.71679688,654.702148438,1420892899,585512
875.129516602,852.09979248,634.962402344,759.980895996,1420892899,585513
1006.72796631,746.821105957,766.560852051,917.899047852,1420892899,585514
848.809875488,1378.49353027,950.79864502,733.661254883,1420892899,585515
1006.72796631,852.09979248,634.962402344,891.579345703,1420892899,585515
875.129516602,1378.49353027,950.79864502,759.980895996,1420892899,585516
927.768920898,1062.65734863,661.282104492,786.300598145,1420892899,585516
1085.68701172,852.09979248,713.921447754,944.218688965,1420892899,585516
875.129516602,1589.05102539,977.118347168,707.341552734,1420892899,585517
954.088623047,1062.65734863,634.962402344,786.300598145,1420892899,585517
1033.04760742,1062.65734863,740.241149902,865.259643555,1420892899,585517
875.129516602,1589.05102539,924.478942871,654.702148438,1420892899,585517
1033.04760742,746.821105957,477.044311523,786.300598145,1420892899,585518
954.088623047,1589.05102539,1029.75769043,681.021850586,1420892899,585518
1006.72796631,1167.93603516,608.642700195,707.341552734,1420892899,585518
1190.96582031,641.542358398,503.363983154,917.899047852,1420892899,585519
1112.00671387,1141.61633301,713.921447754,838.940002441,1420892899,659209
1059.36730957,1325.85412598,740.241149902,812.620300293,1420892899,659210
927.768920898,1682.81494141,845.519897461,628.382507324,1420892899,659211
1112.00671387,998.503051758,556.003356934,759.980895996,1420892899,659211
1059.36730957,1366.9786377,792.880554199,733.661254883,1420892899,659211
1164.64611816,919.544006348,477.044311523,812.620300293,1420892899,659211
1164.64611816,1024.82275391,582.323059082,812.620300293,1420892899,659212
1164.64611816,1103.78186035,608.642700195,812.620300293,1420892899,659212
1112.00671387,1314.3392334,661.282104492,759.980895996,1420892899,659212
1085.68701172,1235.38024902,634.962402344,759.980895996,1420892899,659213
1138.32641602,1235.38024902,687.601806641,812.620300293,1420892899,659213
1085.68701172,1472.25744629,740.241149902,733.661254883,1420892899,659213
1269.92480469,761.625915527,345.445861816,917.899047852,1420892899,659214
1112.00671387,1472.25744629,792.880554199,759.980895996,1420892899,659214
1138.32641602,1235.38024902,503.363983154,786.300598145,1420892899,659214
1112.00671387,1393.29833984,713.921447754,786.300598145,1420892899,659215
1164.64611816,1024.82275391,424.404937744,812.620300293,1420892899,738026
1243.60510254,893.224304199,477.044311523,917.899047852,1420892899,738027
980.40826416,1682.81494141,819.200195312,628.382507324,1420892899,738028
1164.64611816,735.306213379,319.126190186,786.300598145,1420892899,738028
1085.68701172,1209.06054688,634.962402344,707.341552734,1420892899,738028
1112.00671387,972.183410645,398.085235596,759.980895996,1420892899,738029
1112.00671387,945.863708496,477.044311523,786.300598145,1420892899,738029
980.40826416,1366.9786377,661.282104492,681.021850586,1420892899,738029
1033.04760742,1024.82275391,529.683654785,733.661254883,1420892899,738029
1138.32641602,840.584960938,529.683654785,865.259643555,1420892899,738030
1033.04760742,1288.01965332,661.282104492,733.661254883,1420892899,738030
1033.04760742,1130.10144043,503.363983154,733.661254883,1420892899,738030
1059.36730957,1156.42114258,608.642700195,759.980895996,1420892899,738031
1059.36730957,1314.3392334,634.962402344,759.980895996,1420892899,738041
1164.64611816,893.224304199,529.683654785,891.579345703,1420892899,738042
1033.04760742,1577.53613281,740.241149902,786.300598145,1420892899,738042
1112.00671387,945.863708496,424.404937744,865.259643555,1420892899,809282
1112.00671387,1103.78186035,529.683654785,838.940002441,1420892899,809284
1243.60510254,814.265258789,424.404937744,996.858093262,1420892899,809285
1112.00671387,1314.3392334,634.962402344,891.579345703,1420892899,809285
1085.68701172,1156.42114258,503.363983154,891.579345703,1420892899,809286
1085.68701172,1130.10144043,503.363983154,891.579345703,1420892899,809286
1190.96582031,840.584960938,450.724609375,996.858093262,1420892899,809287
927.768920898,1682.81494141,766.560852051,759.980895996,1420892899,809287
1059.36730957,945.863708496,371.765563965,917.899047852,1420892899,809287
954.088623047,1314.3392334,661.282104492,865.259643555,1420892899,809288
980.40826416,1051.14245605,450.724609375,865.259643555,1420892899,809288
1006.72796631,1024.82275391,477.044311523,891.579345703,1420892899,809288
822.49017334,1393.29833984,556.003356934,733.661254883,1420892899,809289
901.44921875,1051.14245605,450.724609375,838.940002441,1420892899,809289
822.49017334,1288.01965332,556.003356934,707.341552734,1420892899,809289
980.40826416,787.945556641,371.765563965,865.259643555,1420892899,809290
875.129516602,1419.61804199,661.282104492,786.300598145,1420892899,880456
927.768920898,1182.74084473,503.363983154,838.940002441,1420892899,880457
822.49017334,1498.57714844,634.962402344,733.661254883,1420892899,880458
1059.36730957,577.388122559,266.486816406,917.899047852,1420892899,880458
980.40826416,1156.42114258,582.323059082,838.940002441,1420892899,880458
954.088623047,1182.74084473,529.683654785,838.940002441,1420892899,880459
954.088623047,1182.74084473,608.642700195,838.940002441,1420892899,880459
901.44921875,1366.9786377,661.282104492,759.980895996,1420892899,880459
954.088623047,1103.78186035,556.003356934,838.940002441,1420892899,880460
822.49017334,1577.53613281,740.241149902,681.021850586,1420892899,880460
980.40826416,1024.82275391,503.363983154,865.259643555,1420892899,880460
875.129516602,1603.85583496,792.880554199,759.980895996,1420892899,880461
1085.68701172,577.388122559,266.486816406,944.218688965,1420892899,880461
901.44921875,1498.57714844,687.601806641,759.980895996,1420892899,880461
901.44921875,1130.10144043,371.765563965,733.661254883,1420892899,880461
875.129516602,1314.3392334,608.642700195,707.341552734,1420892899,880462
901.44921875,840.584960938,319.126190186,786.300598145,1420892899,950429
954.088623047,998.503051758,582.323059082,838.940002441,1420892899,950430
769.850830078,1314.3392334,556.003356934,654.702148438,1420892899,950431
875.129516602,893.224304199,424.404937744,786.300598145,1420892899,950431
743.53112793,1577.53613281,713.921447754,654.702148438,1420892899,950431
1059.36730957,366.830627441,161.208068848,970.538391113,1420892899,950432
927.768920898,1261.69995117,740.241149902,865.259643555,1420892899,950432
980.40826416,840.584960938,477.044311523,917.899047852,1420892899,950432
822.49017334,1472.25744629,740.241149902,759.980895996,1420892899,950433
848.809875488,1261.69995117,608.642700195,812.620300293,1420892899,950433
848.809875488,1419.61804199,819.200195312,812.620300293,1420892899,950433
822.49017334,1156.42114258,529.683654785,786.300598145,1420892899,950434
954.088623047,893.224304199,556.003356934,917.899047852,1420892899,950434
796.170471191,1524.89672852,713.921447754,733.661254883,1420892899,950434
1006.72796631,735.306213379,371.765563965,944.218688965,1420892899,950434
796.170471191,1577.53613281,792.880554199,759.980895996,1420892899,950435
980.40826416,708.98651123,371.765563965,917.899047852,1420892900,26723
822.49017334,1551.21643066,845.519897461,786.300598145,1420892900,26725
1059.36730957,814.265258789,424.404937744,996.858093262,1420892900,26725
1085.68701172,893.224304199,634.962402344,1049.49743652,1420892900,26726
954.088623047,1209.06054688,582.323059082,917.899047852,1420892900,26727
1033.04760742,708.98651123,424.404937744,996.858093262,1420892900,26727
822.49017334,1314.3392334,687.601806641,786.300598145,1420892900,26727
954.088623047,814.265258789,424.404937744,917.899047852,1420892900,26728
1033.04760742,524.748718262,450.724609375,1023.17779541,1420892900,26728
769.850830078,1288.01965332,608.642700195,759.980895996,1420892900,26728
848.809875488,840.584960938,424.404937744,812.620300293,1420892900,26729
954.088623047,787.945556641,529.683654785,891.579345703,1420892900,26729
875.129516602,893.224304199,477.044311523,838.940002441,1420892900,26729
901.44921875,787.945556641,450.724609375,838.940002441,1420892900,26730
901.44921875,893.224304199,556.003356934,838.940002441,1420892900,26730
717.211425781,1130.10144043,556.003356934,681.021850586,1420892900,26730
