TP9,FP1,FP2,TP10,timestamp,duration
812.620300293,31.2546272278,560.938293457,664.57208252,1420891193,952466
733.661254883,27.9646663666,1192.61071777,631.672424316,1420891193,952468
812.620300293,23.0297241211,429.339874268,638.252380371,1420891193,952468
733.661254883,29.6096458435,560.938293457,447.434661865,1420891193,952469
681.021850586,29.6096458435,771.495788574,677.731872559,1420891193,952469
681.021850586,27.9646663666,929.413879395,657.992126465,1420891193,952469
759.980895996,31.2546272278,613.577697754,677.731872559,1420891193,952470
681.021850586,27.9646663666,797.815490723,493.494110107,1420891193,952470
786.300598145,29.6096458435,481.979248047,473.754333496,1420891193,952470
681.021850586,31.2546272278,613.577697754,467.174407959,1420891193,952471
628.382507324,29.6096458435,1166.29101562,809.330322266,1420891193,952471
733.661254883,29.6096458435,534.618591309,704.051574707,1420891193,952471
733.661254883,27.9646663666,745.176086426,684.311828613,1420891193,952471
786.300598145,24.6747055054,718.856384277,631.672424316,1420891193,952472
654.702148438,29.6096458435,850.454833984,605.352783203,1420891193,952472
654.702148438,29.6096458435,613.577697754,723.791320801,1420891193,952472
707.341552734,27.9646663666,350.38079834,407.95513916,1420891194,21155
759.980895996,29.6096458435,955.733581543,723.791320801,1420891194,21157
602.062805176,27.9646663666,745.176086426,539.553527832,1420891194,21158
681.021850586,27.9646663666,797.815490723,618.512634277,1420891194,21158
496.784057617,26.3196849823,587.257995605,723.791320801,1420891194,21159
575.743103027,26.3196849823,350.38079834,539.553527832,1420891194,21159
628.382507324,29.6096458435,1034.69262695,750.111022949,1420891194,21160
575.743103027,27.9646663666,955.733581543,750.111022949,1420891194,21160
681.021850586,26.3196849823,429.339874268,723.791320801,1420891194,21160
575.743103027,27.9646663666,639.897338867,513.233886719,1420891194,21161
575.743103027,27.9646663666,850.454833984,776.430725098,1420891194,21161
575.743103027,26.3196849823,903.094238281,644.832275391,1420891194,21162
707.341552734,26.3196849823,929.413879395,776.430725098,1420891194,21162
575.743103027,27.9646663666,613.577697754,592.192932129,1420891194,21164
707.341552734,27.9646663666,587.257995605,565.87322998,1420891194,21165
549.423461914,27.9646663666,824.135131836,565.87322998,1420891194,21165
523.103759766,27.9646663666,771.495788574,829.070068359,1420891194,92379
602.062805176,27.9646663666,692.536743164,776.430725098,1420891194,92380
602.062805176,27.9646663666,771.495788574,697.471679688,1420891194,92381
654.702148438,26.3196849823,1008.3729248,723.791320801,1420891194,92381
549.423461914,27.9646663666,1008.3729248,750.111022949,1420891194,92381
575.743103027,27.9646663666,850.454833984,776.430725098,1420891194,92382
575.743103027,27.9646663666,692.536743164,539.553527832,1420891194,92382
681.021850586,27.9646663666,666.217041016,671.151977539,1420891194,92382
575.743103027,27.9646663666,1218.93041992,434.274810791,1420891194,92383
654.702148438,27.9646663666,850.454833984,618.512634277,1420891194,92383
496.784057617,27.9646663666,824.135131836,644.832275391,1420891194,92383
523.103759766,27.9646663666,718.856384277,592.192932129,1420891194,92384
628.382507324,27.9646663666,955.733581543,723.791320801,1420891194,92384
654.702148438,27.9646663666,903.094238281,565.87322998,1420891194,92384
654.702148438,31.2546272278,955.733581543,592.192932129,1420891194,92384
575.743103027,29.6096458435,1008.3729248,697.471679688,1420891194,92385
575.743103027,26.3196849823,666.217041016,723.791320801,1420891194,166138
602.062805176,27.9646663666,1350.52880859,723.791320801,1420891194,166140
707.341552734,26.3196849823,587.257995605,750.111022949,1420891194,166140
602.062805176,27.9646663666,1245.25012207,644.832275391,1420891194,166141
654.702148438,37.8345489502,613.577697754,513.233886719,1420891194,166141
575.743103027,97.0538406372,1139.97143555,539.553527832,1420891194,166142
523.103759766,49.3494110107,982.053283691,802.750427246,1420891194,166142
602.062805176,24.6747055054,797.815490723,618.512634277,1420891194,166142
681.021850586,37.8345489502,1034.69262695,486.91418457,1420891194,166142
654.702148438,1.64498031139,666.217041016,592.192932129,1420891194,166143
602.062805176,44.4144706726,1350.52880859,723.791320801,1420891194,166143
602.062805176,32.8996086121,876.774536133,723.791320801,1420891194,166143
628.382507324,50.994392395,982.053283691,618.512634277,1420891194,166144
733.661254883,47.7044296265,929.413879395,618.512634277,1420891194,166144
707.341552734,27.9646663666,692.536743164,460.594482422,1420891194,166144
707.341552734,39.4795265198,1376.84851074,618.512634277,1420891194,166145
628.382507324,6.57992124557,718.856384277,723.791320801,1420891194,237417
628.382507324,32.8996086121,876.774536133,565.87322998,1420891194,237419
733.661254883,36.1895675659,982.053283691,644.832275391,1420891194,237419
681.021850586,24.6747055054,1087.33203125,697.471679688,1420891194,237419
681.021850586,24.6747055054,903.094238281,618.512634277,1420891194,237419
628.382507324,31.2546272278,955.733581543,750.111022949,1420891194,237420
602.062805176,32.8996086121,982.053283691,723.791320801,1420891194,237420
707.341552734,24.6747055054,771.495788574,565.87322998,1420891194,237420
733.661254883,34.5445861816,1271.56982422,644.832275391,1420891194,237421
707.341552734,31.2546272278,560.938293457,460.594482422,1420891194,237421
707.341552734,36.1895675659,1008.3729248,565.87322998,1420891194,237421
681.021850586,77.3140792847,1113.6517334,565.87322998,1420891194,237421
602.062805176,50.994392395,1113.6517334,802.750427246,1420891194,237422
681.021850586,26.3196849823,797.815490723,644.832275391,1420891194,237423
786.300598145,36.1895675659,692.536743164,618.512634277,1420891194,237423
681.021850586,6.57992124557,1034.69262695,618.512634277,1420891194,237424
789.590576172,44.4144706726,919.544006348,837.29498291,1420891194,237425
763.270874023,32.8996086121,445.789672852,916.25402832,1420891194,317432
868.549621582,36.1895675659,498.429046631,679.37689209,1420891194,317433
894.86932373,41.1245079041,840.584960938,784.655639648,1420891194,317433
815.91027832,29.6096458435,498.429046631,784.655639648,1420891194,317434
815.91027832,37.8345489502,656.347167969,784.655639648,1420891194,317434
789.590576172,13.1598424911,445.789672852,1021.53277588,1420891194,317434
763.270874023,27.9646663666,314.191253662,889.934387207,1420891194,317435
894.86932373,37.8345489502,919.544006348,916.25402832,1420891194,317435
868.549621582,24.6747055054,577.388122559,863.614685059,1420891194,317435
842.229919434,21.3847446442,630.02746582,810.975280762,1420891194,317435
842.229919434,29.6096458435,103.633758545,732.016235352,1420891194,317436
763.270874023,31.2546272278,577.388122559,942.573730469,1420891194,317436
842.229919434,24.6747055054,761.625915527,1205.77062988,1420891194,317436
894.86932373,26.3196849823,419.470001221,863.614685059,1420891194,317437
815.91027832,31.2546272278,735.306213379,942.573730469,1420891194,317437
815.91027832,27.9646663666,287.871551514,810.975280762,1420891194,317437
815.91027832,26.3196849823,866.904663086,968.893432617,1420891194,392440
763.270874023,26.3196849823,577.388122559,995.213134766,1420891194,392442
842.229919434,29.6096458435,551.06842041,942.573730469,1420891194,392442
921.188964844,27.9646663666,314.191253662,679.37689209,1420891194,392443
815.91027832,29.6096458435,630.02746582,758.3359375,1420891194,392443
763.270874023,32.8996086121,1077.4621582,1021.53277588,1420891194,392443
763.270874023,27.9646663666,551.06842041,916.25402832,1420891194,392444
815.91027832,59.219291687,682.666870117,810.975280762,1420891194,392444
921.188964844,59.219291687,419.470001221,810.975280762,1420891194,392444
894.86932373,18.094783783,472.109344482,732.016235352,1420891194,392445
815.91027832,42.7694892883,1130.10144043,889.934387207,1420891194,392445
815.91027832,11.5148620605,524.748718262,1074.17211914,1420891194,392449
815.91027832,29.6096458435,735.306213379,916.25402832,1420891194,392457
894.86932373,34.5445861816,577.388122559,942.573730469,1420891194,392463
947.508666992,27.9646663666,577.388122559,732.016235352,1420891194,392469
842.229919434,44.4144706726,603.707763672,784.655639648,1420891194,392475
842.229919434,32.8996086121,472.109344482,784.655639648,1420891194,471160
789.590576172,32.8996086121,708.98651123,916.25402832,1420891194,471161
842.229919434,24.6747055054,945.863708496,837.29498291,1420891194,471162
921.188964844,19.7397632599,735.306213379,784.655639648,1420891194,471162
842.229919434,34.5445861816,682.666870117,784.655639648,1420891194,471162
815.91027832,32.8996086121,498.429046631,758.3359375,1420891194,471163
842.229919434,74.0241165161,893.224304199,758.3359375,1420891194,471163
789.590576172,59.219291687,893.224304199,995.213134766,1420891194,471163
842.229919434,21.3847446442,761.625915527,968.893432617,1420891194,471164
947.508666992,41.1245079041,445.789672852,679.37689209,1420891194,471164
842.229919434,6.57992124557,577.388122559,810.975280762,1420891194,471164
842.229919434,44.4144706726,998.503051758,863.614685059,1420891194,471164
815.91027832,34.5445861816,656.347167969,889.934387207,1420891194,471166
868.549621582,24.6747055054,945.863708496,942.573730469,1420891194,471166
921.188964844,18.094783783,419.470001221,758.3359375,1420891194,471167
815.91027832,36.1895675659,1156.42114258,942.573730469,1420891194,471168
815.91027832,32.8996086121,814.265258789,758.3359375,1420891194,537379
868.549621582,21.3847446442,577.388122559,810.975280762,1420891194,537381
815.91027832,27.9646663666,1051.14245605,889.934387207,1420891194,537381
921.188964844,31.2546272278,682.666870117,732.016235352,1420891194,537381
921.188964844,27.9646663666,840.584960938,837.29498291,1420891194,537382
789.590576172,23.0297241211,761.625915527,758.3359375,1420891194,537382
842.229919434,27.9646663666,419.470001221,679.37689209,1420891194,537382
815.91027832,31.2546272278,735.306213379,837.29498291,1420891194,537383
868.549621582,26.3196849823,1024.82275391,1074.17211914,1420891194,537383
921.188964844,26.3196849823,472.109344482,758.3359375,1420891194,537383
842.229919434,29.6096458435,1024.82275391,916.25402832,1420891194,537383
815.91027832,31.2546272278,551.06842041,705.696594238,1420891194,537384
842.229919434,67.444190979,866.904663086,705.696594238,1420891194,537384
815.91027832,52.6393699646,708.98651123,889.934387207,1420891194,537384
947.508666992,21.3847446442,524.748718262,626.737487793,1420891194,537385
947.508666992,39.4795265198,893.224304199,653.057189941,1420891194,537385
868.549621582,9.86988162994,630.02746582,679.37689209,1420891194,611192
842.229919434,37.8345489502,1156.42114258,837.29498291,1420891194,611194
842.229919434,32.8996086121,603.707763672,784.655639648,1420891194,611194
921.188964844,24.6747055054,1051.14245605,810.975280762,1420891194,611194
973.828369141,23.0297241211,603.707763672,626.737487793,1420891194,611195
868.549621582,34.5445861816,1130.10144043,863.614685059,1420891194,611195
868.549621582,31.2546272278,866.904663086,732.016235352,1420891194,611195
894.86932373,24.6747055054,656.347167969,889.934387207,1420891194,611196
894.86932373,32.8996086121,998.503051758,784.655639648,1420891194,611196
973.828369141,29.6096458435,524.748718262,653.057189941,1420891194,611196
973.828369141,29.6096458435,1051.14245605,837.29498291,1420891194,611197
842.229919434,23.0297241211,893.224304199,679.37689209,1420891194,611197
894.86932373,27.9646663666,551.06842041,679.37689209,1420891194,611197
894.86932373,29.6096458435,814.265258789,758.3359375,1420891194,611198
947.508666992,26.3196849823,972.183410645,968.893432617,1420891194,611198
1000.14807129,26.3196849823,577.388122559,653.057189941,1420891194,611198
894.86932373,27.9646663666,1130.10144043,889.934387207,1420891194,692376
894.86932373,32.8996086121,603.707763672,600.41784668,1420891194,692377
947.508666992,80.6040344238,761.625915527,495.139068604,1420891194,692378
921.188964844,62.5092544556,1077.4621582,837.29498291,1420891194,692378
973.828369141,18.094783783,603.707763672,732.016235352,1420891194,692378
973.828369141,42.7694892883,866.904663086,626.737487793,1420891194,692379
815.91027832,4.93494081497,814.265258789,705.696594238,1420891194,692379
868.549621582,44.4144706726,840.584960938,732.016235352,1420891194,692379
868.549621582,34.5445861816,735.306213379,732.016235352,1420891194,692379
947.508666992,23.0297241211,866.904663086,837.29498291,1420891194,692380
973.828369141,19.7397632599,630.02746582,626.737487793,1420891194,692380
842.229919434,32.8996086121,1077.4621582,837.29498291,1420891194,692380
842.229919434,32.8996086121,893.224304199,653.057189941,1420891194,692382
921.188964844,21.3847446442,445.789672852,626.737487793,1420891194,692382
894.86932373,26.3196849823,1024.82275391,784.655639648,1420891194,692382
947.508666992,31.2546272278,814.265258789,600.41784668,1420891194,692383
973.828369141,37.8345489502,708.98651123,600.41784668,1420891194,752375
815.91027832,67.444190979,866.904663086,679.37689209,1420891194,752377
789.590576172,31.2546272278,498.429046631,732.016235352,1420891194,752377
815.91027832,32.8996086121,919.544006348,705.696594238,1420891194,752377
815.91027832,27.9646663666,787.945556641,758.3359375,1420891194,752378
868.549621582,18.094783783,866.904663086,574.098144531,1420891194,752378
763.270874023,37.8345489502,656.347167969,758.3359375,1420891194,752378
736.951171875,32.8996086121,524.748718262,679.37689209,1420891194,752379
815.91027832,75.6690979004,656.347167969,547.778442383,1420891194,752379
789.590576172,69.0891723633,682.666870117,732.016235352,1420891194,752379
842.229919434,23.0297241211,472.109344482,468.819396973,1420891194,752380
868.549621582,46.0594482422,919.544006348,600.41784668,1420891194,752380
789.590576172,4.93494081497,445.789672852,626.737487793,1420891194,752380
710.631530762,41.1245079041,1130.10144043,784.655639648,1420891194,752380
789.590576172,39.4795265198,551.06842041,732.016235352,1420891194,752381
868.549621582,21.3847446442,498.429046631,626.737487793,1420891194,752381
855.389770508,18.094783783,656.347167969,574.098144531,1420891194,819926
763.270874023,36.1895675659,972.183410645,784.655639648,1420891194,819927
697.471679688,32.8996086121,840.584960938,758.3359375,1420891194,819928
750.111022949,19.7397632599,787.945556641,995.213134766,1420891194,819928
789.590576172,26.3196849823,656.347167969,705.696594238,1420891194,819928
829.070068359,32.8996086121,1024.82275391,705.696594238,1420891194,819929
842.229919434,29.6096458435,840.584960938,574.098144531,1420891194,819929
723.791320801,34.5445861816,919.544006348,679.37689209,1420891194,819929
736.951171875,34.5445861816,656.347167969,679.37689209,1420891194,819930
763.270874023,29.6096458435,656.347167969,705.696594238,1420891194,819930
763.270874023,27.9646663666,1314.3392334,837.29498291,1420891194,819930
829.070068359,19.7397632599,893.224304199,574.098144531,1420891194,819931
763.270874023,31.2546272278,814.265258789,626.737487793,1420891194,819931
684.311828613,32.8996086121,656.347167969,653.057189941,1420891194,819931
776.430725098,77.3140792847,1024.82275391,600.41784668,1420891194,819932
776.430725098,70.7341537476,919.544006348,705.696594238,1420891194,819932
863.614685059,19.7397632599,605.352783203,916.25402832,1420891194,832431
916.25402832,49.3494110107,552.713378906,758.3359375,1420891194,899919
837.29498291,27.9646663666,605.352783203,942.573730469,1420891194,899921
705.696594238,47.7044296265,894.86932373,995.213134766,1420891194,899921
810.975280762,34.5445861816,552.713378906,942.573730469,1420891194,899922
784.655639648,27.9646663666,710.631530762,968.893432617,1420891194,899922
810.975280762,9.86988162994,579.033081055,784.655639648,1420891194,899922
758.3359375,39.4795265198,579.033081055,916.25402832,1420891194,899923
679.37689209,34.5445861816,579.033081055,916.25402832,1420891194,899923
732.016235352,18.094783783,579.033081055,1047.85253906,1420891194,899923
758.3359375,24.6747055054,552.713378906,942.573730469,1420891194,899924
784.655639648,34.5445861816,736.951171875,968.893432617,1420891194,899924
784.655639648,31.2546272278,579.033081055,837.29498291,1420891194,899925
679.37689209,31.2546272278,842.229919434,942.573730469,1420891194,899926
679.37689209,29.6096458435,342.155914307,942.573730469,1420891194,899926
732.016235352,32.8996086121,657.992126465,916.25402832,1420891194,899927
732.016235352,26.3196849823,842.229919434,1179.45092773,1420891194,899927
732.016235352,21.3847446442,289.516540527,784.655639648,1420891194,976174
653.057189941,31.2546272278,868.549621582,995.213134766,1420891194,976176
600.41784668,29.6096458435,605.352783203,916.25402832,1420891194,976176
705.696594238,46.0594482422,631.672424316,942.573730469,1420891194,976176
705.696594238,50.994392395,868.549621582,968.893432617,1420891194,976177
732.016235352,23.0297241211,368.475585938,863.614685059,1420891194,976177
732.016235352,37.8345489502,552.713378906,784.655639648,1420891194,976177
705.696594238,21.3847446442,447.434661865,837.29498291,1420891194,976178
600.41784668,34.5445861816,1026.46777344,995.213134766,1420891194,976178
732.016235352,32.8996086121,473.754333496,942.573730469,1420891194,976178
758.3359375,26.3196849823,421.114959717,863.614685059,1420891194,976179
732.016235352,19.7397632599,368.475585938,837.29498291,1420891194,976179
653.057189941,31.2546272278,894.86932373,1126.81152344,1420891194,976179
600.41784668,32.8996086121,631.672424316,968.893432617,1420891194,976179
679.37689209,47.7044296265,763.270874023,1047.85253906,1420891194,976180
732.016235352,54.2843513489,736.951171875,942.573730469,1420891194,976180
702.406616211,23.0297241211,526.393737793,1074.17211914,1420891195,44916
715.566467285,39.4795265198,736.951171875,1021.53277588,1420891195,44918
613.577697754,11.5148620605,579.033081055,1100.49182129,1420891195,44918
600.41784668,29.6096458435,684.311828613,1100.49182129,1420891195,44919
713.921447754,34.5445861816,526.393737793,1100.49182129,1420891195,44919
728.726318359,24.6747055054,736.951171875,1153.13122559,1420891195,44919
723.791320801,31.2546272278,526.393737793,916.25402832,1420891195,44920
702.406616211,32.8996086121,394.795288086,837.29498291,1420891195,44920
575.743103027,31.2546272278,684.311828613,942.573730469,1420891195,44920
722.146362305,27.9646663666,394.795288086,837.29498291,1420891195,44921
720.501403809,26.3196849823,894.86932373,1021.53277588,1420891195,44921
694.18170166,31.2546272278,631.672424316,1021.53277588,1420891195,44921
699.116638184,29.6096458435,421.114959717,889.934387207,1420891195,44922
667.861999512,24.6747055054,605.352783203,1126.81152344,1420891195,44922
611.932678223,32.8996086121,605.352783203,1074.17211914,1420891195,44922
758.3359375,29.6096458435,552.713378906,1047.85253906,1420891195,44922
718.856384277,27.9646663666,842.229919434,1258.40991211,1420891195,116151
718.856384277,24.6747055054,342.155914307,995.213134766,1420891195,116153
639.897338867,27.9646663666,710.631530762,1232.09033203,1420891195,116153
600.41784668,31.2546272278,921.188964844,1100.49182129,1420891195,116153
745.176086426,27.9646663666,315.836212158,1021.53277588,1420891195,116154
771.495788574,29.6096458435,789.590576172,1100.49182129,1420891195,116154
745.176086426,29.6096458435,605.352783203,1100.49182129,1420891195,116154
745.176086426,31.2546272278,552.713378906,995.213134766,1420891195,116155
653.057189941,41.1245079041,947.508666992,1179.45092773,1420891195,116155
679.37689209,27.9646663666,210.557479858,1126.81152344,1420891195,116155
810.975280762,29.6096458435,473.754333496,1074.17211914,1420891195,116156
758.3359375,27.9646663666,921.188964844,1337.36901855,1420891195,116157
758.3359375,23.0297241211,263.196868896,995.213134766,1420891195,116157
666.217041016,31.2546272278,736.951171875,1179.45092773,1420891195,116158
626.737487793,29.6096458435,579.033081055,1100.49182129,1420891195,116158
758.3359375,69.0891723633,473.754333496,916.25402832,1420891195,116159
784.655639648,82.2490158081,763.270874023,1100.49182129,1420891195,192379
810.975280762,16.449804306,289.516540527,968.893432617,1420891195,192381
745.176086426,49.3494110107,894.86932373,889.934387207,1420891195,192381
718.856384277,11.5148620605,447.434661865,995.213134766,1420891195,192382
653.057189941,32.8996086121,1026.46777344,1126.81152344,1420891195,192382
784.655639648,41.1245079041,526.393737793,968.893432617,1420891195,192382
797.815490723,27.9646663666,526.393737793,995.213134766,1420891195,192383
764.91583252,37.8345489502,710.631530762,916.25402832,1420891195,192383
751.75604248,32.8996086121,315.836212158,916.25402832,1420891195,192383
646.477294922,36.1895675659,894.86932373,1021.53277588,1420891195,192384
712.276489258,21.3847446442,684.311828613,1153.13122559,1420891195,192384
791.235534668,19.7397632599,315.836212158,968.893432617,1420891195,192384
791.235534668,36.1895675659,947.508666992,1021.53277588,1420891195,192385
758.3359375,29.6096458435,657.992126465,837.29498291,1420891195,192385
751.75604248,32.8996086121,631.672424316,942.573730469,1420891195,192385
679.37689209,36.1895675659,710.631530762,995.213134766,1420891195,192385
863.614685059,29.6096458435,473.754333496,916.25402832,1420891195,271184
837.29498291,31.2546272278,868.549621582,1153.13122559,1420891195,271185
837.29498291,18.094783783,552.713378906,837.29498291,1420891195,271186
784.655639648,31.2546272278,1052.78747559,942.573730469,1420891195,271186
732.016235352,31.2546272278,421.114959717,942.573730469,1420891195,271186
863.614685059,29.6096458435,605.352783203,784.655639648,1420891195,271187
863.614685059,32.8996086121,894.86932373,916.25402832,1420891195,271187
863.614685059,27.9646663666,315.836212158,916.25402832,1420891195,271187
810.975280762,31.2546272278,1000.14807129,942.573730469,1420891195,271188
810.975280762,23.0297241211,394.795288086,1047.85253906,1420891195,271188
705.696594238,26.3196849823,921.188964844,1021.53277588,1420891195,271188
810.975280762,31.2546272278,815.91027832,1074.17211914,1420891195,271188
889.934387207,26.3196849823,263.196868896,784.655639648,1420891195,271189
784.655639648,24.6747055054,684.311828613,863.614685059,1420891195,271189
705.696594238,27.9646663666,789.590576172,1100.49182129,1420891195,271189
705.696594238,31.2546272278,657.992126465,942.573730469,1420891195,271190
863.614685059,59.219291687,631.672424316,942.573730469,1420891195,332381
863.614685059,72.3791351318,789.590576172,889.934387207,1420891195,332383
889.934387207,16.449804306,315.836212158,863.614685059,1420891195,332384
758.3359375,46.0594482422,1184.38586426,916.25402832,1420891195,332384
758.3359375,16.449804306,631.672424316,1100.49182129,1420891195,332384
758.3359375,29.6096458435,736.951171875,1074.17211914,1420891195,332384
837.29498291,37.8345489502,763.270874023,1153.13122559,1420891195,332385
889.934387207,24.6747055054,605.352783203,1126.81152344,1420891195,332385
810.975280762,19.7397632599,631.672424316,916.25402832,1420891195,332385
784.655639648,31.2546272278,631.672424316,1021.53277588,1420891195,332386
732.016235352,34.5445861816,631.672424316,995.213134766,1420891195,332386
889.934387207,60.8642730713,631.672424316,1021.53277588,1420891195,332388
889.934387207,82.2490158081,868.549621582,968.893432617,1420891195,332388
916.25402832,18.094783783,263.196868896,942.573730469,1420891195,332389
784.655639648,47.7044296265,947.508666992,1021.53277588,1420891195,332390
863.614685059,4.93494081497,473.754333496,1126.81152344,1420891195,332390
784.655639648,32.8996086121,1184.38586426,1047.85253906,1420891195,412407
916.25402832,42.7694892883,710.631530762,1074.17211914,1420891195,412409
889.934387207,23.0297241211,868.549621582,1232.09033203,1420891195,412410
810.975280762,19.7397632599,868.549621582,916.25402832,1420891195,412410
810.975280762,29.6096458435,579.033081055,1100.49182129,1420891195,412410
732.016235352,36.1895675659,815.91027832,1074.17211914,1420891195,412410
863.614685059,37.8345489502,763.270874023,1126.81152344,1420891195,412411
889.934387207,41.1245079041,763.270874023,1021.53277588,1420891195,412411
942.573730469,26.3196849823,657.992126465,1047.85253906,1420891195,412411
784.655639648,36.1895675659,1158.06616211,1179.45092773,1420891195,412412
863.614685059,14.8048229218,684.311828613,1126.81152344,1420891195,412412
784.655639648,27.9646663666,868.549621582,1074.17211914,1420891195,412412
942.573730469,34.5445861816,552.713378906,1074.17211914,1420891195,412413
916.25402832,24.6747055054,1026.46777344,1100.49182129,1420891195,412413
889.934387207,23.0297241211,684.311828613,968.893432617,1420891195,412413
758.3359375,29.6096458435,1079.10705566,1179.45092773,1420891195,412414
776.430725098,31.2546272278,621.80255127,952.443603516,1420891195,412414
934.348815918,59.219291687,305.966339111,952.443603516,1420891195,492361
881.709472656,90.4739151001,1174.51599121,952.443603516,1420891195,492362
855.389770508,16.449804306,411.24508667,978.763305664,1420891195,492363
776.430725098,47.7044296265,569.163208008,820.845214844,1420891195,492363
881.709472656,8.22490215302,569.163208008,1005.08300781,1420891195,492363
723.791320801,27.9646663666,884.999450684,1005.08300781,1420891195,492364
881.709472656,42.7694892883,753.401000977,1005.08300781,1420891195,492364
881.709472656,24.6747055054,753.401000977,1110.36169434,1420891195,492364
776.430725098,23.0297241211,727.081298828,794.525512695,1420891195,492365
776.430725098,27.9646663666,542.843505859,926.123962402,1420891195,492365
723.791320801,36.1895675659,858.679748535,820.845214844,1420891195,492365
802.750427246,21.3847446442,542.843505859,926.123962402,1420891195,492366
829.070068359,23.0297241211,516.523803711,820.845214844,1420891195,492366
881.709472656,32.8996086121,621.80255127,768.205810547,1420891195,492366
723.791320801,29.6096458435,963.958496094,662.927062988,1420891195,492367
855.389770508,31.2546272278,516.523803711,873.484558105,1420891195,492367
697.471679688,36.1895675659,1174.51599121,952.443603516,1420891195,558639
855.389770508,27.9646663666,516.523803711,873.484558105,1420891195,558641
855.389770508,29.6096458435,832.360046387,820.845214844,1420891195,558641
750.111022949,21.3847446442,990.278137207,768.205810547,1420891195,558641
776.430725098,27.9646663666,463.884460449,847.164855957,1420891195,558641
697.471679688,31.2546272278,674.441955566,715.566467285,1420891195,558642
829.070068359,62.5092544556,674.441955566,689.246765137,1420891195,558642
829.070068359,95.4088592529,858.679748535,794.525512695,1420891195,558642
802.750427246,16.449804306,569.163208008,899.804260254,1420891195,558643
750.111022949,49.3494110107,674.441955566,715.566467285,1420891195,558644
802.750427246,6.57992124557,463.884460449,978.763305664,1420891195,558644
750.111022949,26.3196849823,727.081298828,899.804260254,1420891195,558645
908.029174805,44.4144706726,727.081298828,847.164855957,1420891195,558645
908.029174805,24.6747055054,674.441955566,847.164855957,1420891195,558646
855.389770508,21.3847446442,674.441955566,741.886108398,1420891195,558646
750.111022949,29.6096458435,779.720703125,952.443603516,1420891195,558646
763.270874023,36.1895675659,832.360046387,820.845214844,1420891195,631170
878.419494629,54.2843513489,437.564758301,557.64831543,1420891195,631172
901.44921875,75.6690979004,753.401000977,741.886108398,1420891195,631172
878.419494629,19.7397632599,490.20413208,768.205810547,1420891195,631173
766.560852051,47.7044296265,937.638793945,662.927062988,1420891195,631173
812.620300293,14.8048229218,542.843505859,741.886108398,1420891195,631173
776.430725098,32.8996086121,621.80255127,820.845214844,1420891195,631174
927.768920898,39.4795265198,411.24508667,636.607421875,1420891195,631174
898.159240723,27.9646663666,937.638793945,899.804260254,1420891195,631174
799.460449219,14.8048229218,358.605712891,715.566467285,1420891195,631175
779.720703125,29.6096458435,700.76159668,820.845214844,1420891195,631175
773.14074707,37.8345489502,700.76159668,820.845214844,1420891195,631175
898.159240723,42.7694892883,542.843505859,715.566467285,1420891195,631175
924.478942871,65.7992172241,806.040344238,715.566467285,1420891195,631176
901.44921875,23.0297241211,279.64666748,583.968017578,1420891195,631176
776.430725098,42.7694892883,963.958496094,768.205810547,1420891195,631176
776.430725098,11.5148620605,674.441955566,1005.08300781,1420891195,701237
829.070068359,23.0297241211,595.482910156,794.525512695,1420891195,701240
934.348815918,41.1245079041,621.80255127,794.525512695,1420891195,701240
986.988220215,24.6747055054,595.482910156,847.164855957,1420891195,701240
881.709472656,19.7397632599,700.76159668,741.886108398,1420891195,701241
855.389770508,27.9646663666,700.76159668,952.443603516,1420891195,701241
881.709472656,34.5445861816,806.040344238,873.484558105,1420891195,701241
986.988220215,32.8996086121,411.24508667,662.927062988,1420891195,701242
1013.30786133,42.7694892883,1069.23718262,768.205810547,1420891195,701242
960.668518066,26.3196849823,332.28604126,610.287719727,1420891195,701242
881.709472656,34.5445861816,806.040344238,715.566467285,1420891195,701243
960.668518066,21.3847446442,332.28604126,610.287719727,1420891195,701243
934.348815918,26.3196849823,911.319091797,899.804260254,1420891195,701243
1039.62756348,34.5445861816,648.122253418,715.566467285,1420891195,701243
1039.62756348,26.3196849823,779.720703125,926.123962402,1420891195,701244
934.348815918,23.0297241211,648.122253418,794.525512695,1420891195,701244
934.348815918,27.9646663666,674.441955566,899.804260254,1420891195,772399
960.668518066,31.2546272278,911.319091797,899.804260254,1420891195,772401
1065.94726562,31.2546272278,305.966339111,636.607421875,1420891195,772401
1065.94726562,39.4795265198,1148.19628906,768.205810547,1420891195,772402
1039.62756348,26.3196849823,253.326965332,741.886108398,1420891195,772402
934.348815918,32.8996086121,753.401000977,741.886108398,1420891195,772402
1013.30786133,23.0297241211,384.925415039,794.525512695,1420891195,772403
986.988220215,26.3196849823,727.081298828,899.804260254,1420891195,772403
986.988220215,32.8996086121,937.638793945,741.886108398,1420891195,772403
1118.58666992,26.3196849823,279.64666748,636.607421875,1420891195,772404
960.668518066,24.6747055054,569.163208008,768.205810547,1420891195,772405
960.668518066,27.9646663666,621.80255127,926.123962402,1420891195,772405
1013.30786133,29.6096458435,727.081298828,847.164855957,1420891195,772406
1065.94726562,32.8996086121,621.80255127,794.525512695,1420891195,772406
1092.26696777,41.1245079041,884.999450684,689.246765137,1420891195,772407
1039.62756348,26.3196849823,95.4088592529,505.008972168,1420891195,772407
934.348815918,32.8996086121,884.999450684,768.205810547,1420891195,856141
1013.30786133,24.6747055054,332.28604126,610.287719727,1420891195,856143
1013.30786133,26.3196849823,700.76159668,768.205810547,1420891195,856143
1065.94726562,31.2546272278,516.523803711,583.968017578,1420891195,856144
1065.94726562,27.9646663666,753.401000977,899.804260254,1420891195,856144
908.029174805,24.6747055054,779.720703125,715.566467285,1420891195,856144
986.988220215,27.9646663666,332.28604126,689.246765137,1420891195,856145
986.988220215,29.6096458435,674.441955566,768.205810547,1420891195,856145
1039.62756348,27.9646663666,542.843505859,689.246765137,1420891195,856145
1065.94726562,29.6096458435,648.122253418,689.246765137,1420891195,856146
986.988220215,27.9646663666,227.007293701,583.968017578,1420891195,856155
908.029174805,29.6096458435,700.76159668,662.927062988,1420891195,856161
986.988220215,37.8345489502,411.24508667,610.287719727,1420891195,856167
986.988220215,34.5445861816,858.679748535,794.525512695,1420891195,856172
986.988220215,27.9646663666,516.523803711,610.287719727,1420891195,856178
1092.26696777,29.6096458435,516.523803711,768.205810547,1420891195,856184
934.348815918,21.3847446442,542.843505859,636.607421875,1420891195,921263
855.389770508,29.6096458435,674.441955566,636.607421875,1420891195,921265
934.348815918,31.2546272278,832.360046387,715.566467285,1420891195,921265
960.668518066,47.7044296265,490.20413208,531.328674316,1420891195,921266
986.988220215,59.219291687,911.319091797,610.287719727,1420891195,921266
908.029174805,21.3847446442,332.28604126,583.968017578,1420891195,921266
829.070068359,39.4795265198,727.081298828,583.968017578,1420891195,921267
829.070068359,14.8048229218,700.76159668,741.886108398,1420891195,921267
908.029174805,27.9646663666,437.564758301,741.886108398,1420891195,921267
908.029174805,36.1895675659,806.040344238,741.886108398,1420891195,921268
934.348815918,24.6747055054,621.80255127,505.008972168,1420891195,921268
802.750427246,23.0297241211,569.163208008,610.287719727,1420891195,921268
802.750427246,29.6096458435,779.720703125,689.246765137,1420891195,921269
881.709472656,31.2546272278,569.163208008,689.246765137,1420891195,921269
960.668518066,42.7694892883,384.925415039,478.68927002,1420891195,921270
960.668518066,78.9590530396,779.720703125,531.328674316,1420891195,921270
934.348815918,24.6747055054,358.605712891,531.328674316,1420891195,996255
802.750427246,39.4795265198,779.720703125,583.968017578,1420891195,996256
881.709472656,34.5445861816,779.720703125,452.369598389,1420891195,996257
908.029174805,31.2546272278,937.638793945,636.607421875,1420891195,996257
908.029174805,37.8345489502,911.319091797,557.64831543,1420891195,996257
960.668518066,31.2546272278,727.081298828,557.64831543,1420891195,996258
829.070068359,13.1598424911,858.679748535,531.328674316,1420891195,996258
829.070068359,29.6096458435,595.482910156,531.328674316,1420891195,996259
881.709472656,36.1895675659,1253.47497559,531.328674316,1420891195,996259
960.668518066,23.0297241211,384.925415039,268.13180542,1420891195,996259
960.668518066,23.0297241211,884.999450684,399.730224609,1420891195,996261
934.348815918,32.8996086121,1016.59783936,399.730224609,1420891195,996261
802.750427246,31.2546272278,858.679748535,478.68927002,1420891195,996262
881.709472656,24.6747055054,937.638793945,820.845214844,1420891195,996268
908.029174805,26.3196849823,779.720703125,505.008972168,1420891195,996277
908.029174805,31.2546272278,1095.55688477,636.607421875,1420891195,996284
921.188964844,29.6096458435,437.564758301,727.081298828,1420891195,996300
789.590576172,32.8996086121,963.958496094,884.999450684,1420891196,73654
815.91027832,27.9646663666,332.28604126,937.638793945,1420891196,73655
842.229919434,31.2546272278,911.319091797,911.319091797,1420891196,73656
842.229919434,27.9646663666,674.441955566,884.999450684,1420891196,73656
868.549621582,26.3196849823,832.360046387,779.720703125,1420891196,73656
789.590576172,29.6096458435,490.20413208,990.278137207,1420891196,73657
710.631530762,31.2546272278,621.80255127,911.319091797,1420891196,73657
763.270874023,44.4144706726,884.999450684,1016.59783936,1420891196,73657
789.590576172,37.8345489502,621.80255127,963.958496094,1420891196,73657
868.549621582,26.3196849823,542.843505859,858.679748535,1420891196,73658
868.549621582,32.8996086121,753.401000977,832.360046387,1420891196,73658
842.229919434,24.6747055054,358.605712891,884.999450684,1420891196,73658
736.951171875,32.8996086121,937.638793945,1121.87658691,1420891196,73659
842.229919434,31.2546272278,700.76159668,1016.59783936,1420891196,73659
921.188964844,46.0594482422,437.564758301,911.319091797,1420891196,73659
894.86932373,80.6040344238,884.999450684,832.360046387,1420891196,73660
894.86932373,24.6747055054,437.564758301,911.319091797,1420891196,143657
763.270874023,41.1245079041,937.638793945,963.958496094,1420891196,143659
921.188964844,37.8345489502,674.441955566,1095.55688477,1420891196,143659
921.188964844,55.9293327332,700.76159668,937.638793945,1420891196,143660
1026.46777344,34.5445861816,516.523803711,911.319091797,1420891196,143660
973.828369141,39.4795265198,937.638793945,1042.91748047,1420891196,143660
947.508666992,14.8048229218,727.081298828,963.958496094,1420891196,143661
921.188964844,26.3196849823,674.441955566,963.958496094,1420891196,143661
973.828369141,44.4144706726,806.040344238,1016.59783936,1420891196,143661
1000.14807129,39.4795265198,621.80255127,1016.59783936,1420891196,143662
1000.14807129,59.219291687,858.679748535,858.679748535,1420891196,143662
973.828369141,27.9646663666,674.441955566,1016.59783936,1420891196,143662
894.86932373,44.4144706726,463.884460449,911.319091797,1420891196,143663
1105.42675781,13.1598424911,463.884460449,990.278137207,1420891196,143663
1000.14807129,23.0297241211,1042.91748047,990.278137207,1420891196,143663
1079.10705566,44.4144706726,806.040344238,990.278137207,1420891196,143664
1000.14807129,26.3196849823,753.401000977,1069.23718262,1420891196,218736
1026.46777344,19.7397632599,779.720703125,963.958496094,1420891196,218738
947.508666992,26.3196849823,621.80255127,990.278137207,1420891196,218738
1026.46777344,36.1895675659,1200.83569336,1069.23718262,1420891196,218739
1026.46777344,24.6747055054,700.76159668,1042.91748047,1420891196,218739
973.828369141,23.0297241211,1016.59783936,884.999450684,1420891196,218739
1000.14807129,31.2546272278,595.482910156,911.319091797,1420891196,218739
842.229919434,31.2546272278,858.679748535,963.958496094,1420891196,218740
973.828369141,24.6747055054,1069.23718262,1253.47497559,1420891196,218740
947.508666992,26.3196849823,621.80255127,990.278137207,1420891196,218742
1052.78747559,29.6096458435,674.441955566,963.958496094,1420891196,218742
973.828369141,27.9646663666,911.319091797,911.319091797,1420891196,218742
973.828369141,24.6747055054,858.679748535,911.319091797,1420891196,218743
921.188964844,27.9646663666,542.843505859,963.958496094,1420891196,218744
973.828369141,29.6096458435,1095.55688477,884.999450684,1420891196,218744
1000.14807129,46.0594482422,516.523803711,858.679748535,1420891196,218744
973.828369141,95.4088592529,963.958496094,806.040344238,1420891196,291309
947.508666992,26.3196849823,727.081298828,858.679748535,1420891196,291311
842.229919434,37.8345489502,884.999450684,779.720703125,1420891196,291312
973.828369141,21.3847446442,753.401000977,911.319091797,1420891196,291312
921.188964844,16.449804306,1042.91748047,937.638793945,1420891196,291312
921.188964844,46.0594482422,1227.15539551,963.958496094,1420891196,291313
921.188964844,26.3196849823,516.523803711,700.76159668,1420891196,291313
947.508666992,23.0297241211,779.720703125,858.679748535,1420891196,291313
815.91027832,27.9646663666,1095.55688477,937.638793945,1420891196,291314
973.828369141,36.1895675659,806.040344238,832.360046387,1420891196,291314
973.828369141,34.5445861816,779.720703125,806.040344238,1420891196,291314
894.86932373,49.3494110107,1016.59783936,753.401000977,1420891196,291314
894.86932373,29.6096458435,648.122253418,937.638793945,1420891196,291315
815.91027832,34.5445861816,1174.51599121,832.360046387,1420891196,291315
973.828369141,23.0297241211,700.76159668,674.441955566,1420891196,291315
947.508666992,18.094783783,937.638793945,858.679748535,1420891196,291316
1026.46777344,37.8345489502,884.999450684,753.401000977,1420891196,361213
947.508666992,27.9646663666,911.319091797,858.679748535,1420891196,361215
947.508666992,23.0297241211,1121.87658691,911.319091797,1420891196,361216
894.86932373,27.9646663666,779.720703125,832.360046387,1420891196,361216
1026.46777344,32.8996086121,1069.23718262,832.360046387,1420891196,361216
1026.46777344,41.1245079041,700.76159668,753.401000977,1420891196,361216
973.828369141,67.444190979,1148.19628906,753.401000977,1420891196,361217
921.188964844,23.0297241211,674.441955566,937.638793945,1420891196,361217
868.549621582,39.4795265198,700.76159668,858.679748535,1420891196,361218
1052.78747559,23.0297241211,700.76159668,700.76159668,1420891196,361218
1026.46777344,27.9646663666,1200.83569336,832.360046387,1420891196,361218
1000.14807129,37.8345489502,963.958496094,832.360046387,1420891196,361219
973.828369141,29.6096458435,806.040344238,753.401000977,1420891196,361219
947.508666992,21.3847446442,990.278137207,963.958496094,1420891196,361219
921.188964844,24.6747055054,648.122253418,911.319091797,1420891196,361220
1026.46777344,34.5445861816,1227.15539551,884.999450684,1420891196,361220
1079.10705566,37.8345489502,700.76159668,727.081298828,1420891196,434936
1000.14807129,72.3791351318,990.278137207,700.76159668,1420891196,434938
1000.14807129,29.6096458435,621.80255127,542.843505859,1420891196,434938
894.86932373,36.1895675659,1174.51599121,806.040344238,1420891196,434938
1013.30786133,24.6747055054,806.040344238,674.441955566,1420891196,434939
1039.62756348,21.3847446442,1016.59783936,779.720703125,1420891196,434939
1000.14807129,41.1245079041,1121.87658691,884.999450684,1420891196,434939
973.828369141,29.6096458435,806.040344238,727.081298828,1420891196,434940
934.348815918,19.7397632599,1121.87658691,937.638793945,1420891196,434940
908.029174805,24.6747055054,463.884460449,779.720703125,1420891196,434941
1026.46777344,36.1895675659,1174.51599121,779.720703125,1420891196,434941
1052.78747559,29.6096458435,753.401000977,621.80255127,1420891196,434942
986.988220215,37.8345489502,1358.75378418,674.441955566,1420891196,434943
986.988220215,29.6096458435,727.081298828,727.081298828,1420891196,434943
894.86932373,32.8996086121,884.999450684,753.401000977,1420891196,434943
1026.46777344,24.6747055054,806.040344238,595.482910156,1420891196,434944
1026.46777344,24.6747055054,911.319091797,674.441955566,1420891196,506223
921.188964844,32.8996086121,1306.11437988,779.720703125,1420891196,506225
921.188964844,31.2546272278,700.76159668,595.482910156,1420891196,506225
842.229919434,36.1895675659,1306.11437988,806.040344238,1420891196,506225
868.549621582,27.9646663666,648.122253418,700.76159668,1420891196,506225
973.828369141,31.2546272278,963.958496094,648.122253418,1420891196,506226
973.828369141,27.9646663666,1042.91748047,753.401000977,1420891196,506226
921.188964844,21.3847446442,490.20413208,648.122253418,1420891196,506226
947.508666992,31.2546272278,858.679748535,648.122253418,1420891196,506227
842.229919434,29.6096458435,1095.55688477,753.401000977,1420891196,506227
921.188964844,27.9646663666,1042.91748047,832.360046387,1420891196,506227
973.828369141,27.9646663666,753.401000977,700.76159668,1420891196,506227
973.828369141,29.6096458435,674.441955566,595.482910156,1420891196,506228
894.86932373,29.6096458435,1042.91748047,727.081298828,1420891196,506228
894.86932373,24.6747055054,990.278137207,832.360046387,1420891196,506228
815.91027832,27.9646663666,1095.55688477,753.401000977,1420891196,506229
947.508666992,29.6096458435,753.401000977,700.76159668,1420891196,579942
1026.46777344,27.9646663666,648.122253418,569.163208008,1420891196,579944
947.508666992,31.2546272278,963.958496094,569.163208008,1420891196,579944
894.86932373,29.6096458435,937.638793945,832.360046387,1420891196,579945
868.549621582,29.6096458435,832.360046387,727.081298828,1420891196,579945
973.828369141,46.0594482422,963.958496094,674.441955566,1420891196,579945
1026.46777344,46.0594482422,963.958496094,648.122253418,1420891196,579945
1026.46777344,23.0297241211,753.401000977,648.122253418,1420891196,579946
947.508666992,37.8345489502,884.999450684,595.482910156,1420891196,579946
1052.78747559,50.994392395,621.80255127,595.482910156,1420891196,579946
894.86932373,55.9293327332,1148.19628906,806.040344238,1420891196,579947
1052.78747559,24.6747055054,806.040344238,648.122253418,1420891196,579947
1079.10705566,47.7044296265,779.720703125,595.482910156,1420891196,579947
1026.46777344,64.1542358398,858.679748535,621.80255127,1420891196,579948
1026.46777344,41.1245079041,753.401000977,621.80255127,1420891196,579948
921.188964844,39.4795265198,1095.55688477,727.081298828,1420891196,579948
842.229919434,32.8996086121,781.365661621,884.999450684,1420891196,579950
921.188964844,19.7397632599,307.611328125,806.040344238,1420891196,671235
973.828369141,42.7694892883,702.406616211,858.679748535,1420891196,671237
842.229919434,36.1895675659,860.324707031,858.679748535,1420891196,671237
894.86932373,11.5148620605,491.849121094,1042.91748047,1420891196,671237
789.590576172,26.3196849823,912.964111328,884.999450684,1420891196,671237
921.188964844,39.4795265198,570.808166504,911.319091797,1420891196,671238
947.508666992,26.3196849823,439.209747314,884.999450684,1420891196,671238
868.549621582,21.3847446442,702.406616211,779.720703125,1420891196,671238
842.229919434,31.2546272278,702.406616211,884.999450684,1420891196,671240
789.590576172,32.8996086121,465.529449463,884.999450684,1420891196,671240
1000.14807129,32.8996086121,465.529449463,884.999450684,1420891196,671241
947.508666992,59.219291687,728.726318359,832.360046387,1420891196,671242
947.508666992,31.2546272278,755.045959473,937.638793945,1420891196,671242
868.549621582,34.5445861816,597.127868652,911.319091797,1420891196,671242
921.188964844,21.3847446442,702.406616211,1095.55688477,1420891196,671243
894.86932373,19.7397632599,518.168823242,963.958496094,1420891196,671243
1079.10705566,39.4795265198,702.406616211,963.958496094,1420891196,731216
1079.10705566,26.3196849823,570.808166504,1016.59783936,1420891196,731218
1079.10705566,23.0297241211,465.529449463,884.999450684,1420891196,731219
947.508666992,29.6096458435,939.283752441,1069.23718262,1420891196,731219
921.188964844,32.8996086121,676.086914062,1016.59783936,1420891196,731219
1026.46777344,26.3196849823,728.726318359,1069.23718262,1420891196,731220
1026.46777344,24.6747055054,649.767211914,990.278137207,1420891196,731220
1131.74645996,29.6096458435,228.652267456,990.278137207,1420891196,731220
921.188964844,29.6096458435,860.324707031,1042.91748047,1420891196,731221
973.828369141,24.6747055054,886.64440918,1227.15539551,1420891196,731221
973.828369141,26.3196849823,254.971954346,1121.87658691,1420891196,731221
1158.06616211,29.6096458435,755.045959473,1069.23718262,1420891196,731221
1131.74645996,37.8345489502,570.808166504,1016.59783936,1420891196,731222
1131.74645996,90.4739151001,676.086914062,1016.59783936,1420891196,731222
1026.46777344,41.1245079041,597.127868652,1148.19628906,1420891196,731222
973.828369141,29.6096458435,570.808166504,1148.19628906,1420891196,731223
1079.10705566,32.8996086121,702.406616211,1016.59783936,1420891196,801263
1026.46777344,6.57992124557,728.726318359,1042.91748047,1420891196,801264
1000.14807129,42.7694892883,912.964111328,1095.55688477,1420891196,801265
921.188964844,32.8996086121,544.488464355,990.278137207,1420891196,801265
1000.14807129,70.7341537476,728.726318359,1069.23718262,1420891196,801265
894.86932373,59.219291687,623.447570801,1200.83569336,1420891196,801265
1026.46777344,24.6747055054,755.045959473,1121.87658691,1420891196,801266
1052.78747559,42.7694892883,518.168823242,1121.87658691,1420891196,801266
947.508666992,0.0,544.488464355,1042.91748047,1420891196,801266
973.828369141,37.8345489502,491.849121094,1042.91748047,1420891196,801267
894.86932373,37.8345489502,912.964111328,1121.87658691,1420891196,801267
973.828369141,21.3847446442,570.808166504,1016.59783936,1420891196,801267
973.828369141,19.7397632599,544.488464355,1042.91748047,1420891196,801268
973.828369141,34.5445861816,912.964111328,1148.19628906,1420891196,801268
868.549621582,32.8996086121,465.529449463,1042.91748047,1420891196,801268
921.188964844,21.3847446442,965.60345459,1332.43408203,1420891196,801268
842.229919434,26.3196849823,439.209747314,1148.19628906,1420891196,874940
973.828369141,32.8996086121,755.045959473,1148.19628906,1420891196,874942
1000.14807129,31.2546272278,439.209747314,1016.59783936,1420891196,874942
947.508666992,47.7044296265,965.60345459,1016.59783936,1420891196,874942
921.188964844,32.8996086121,439.209747314,1069.23718262,1420891196,874943
868.549621582,29.6096458435,649.767211914,1069.23718262,1420891196,874943
973.828369141,27.9646663666,649.767211914,1253.47497559,1420891196,874943
973.828369141,18.094783783,544.488464355,963.958496094,1420891196,874944
947.508666992,34.5445861816,912.964111328,1095.55688477,1420891196,874945
868.549621582,29.6096458435,281.291625977,990.278137207,1420891196,874945
947.508666992,24.6747055054,860.324707031,1174.51599121,1420891196,874945
868.549621582,24.6747055054,491.849121094,1148.19628906,1420891196,874946
973.828369141,31.2546272278,912.964111328,1148.19628906,1420891196,874946
1000.14807129,32.8996086121,386.570373535,911.319091797,1420891196,874946
921.188964844,57.5743103027,912.964111328,990.278137207,1420891196,874947
921.188964844,37.8345489502,491.849121094,1095.55688477,1420891196,874947
881.709472656,27.9646663666,597.127868652,1095.55688477,1420891196,947485
934.348815918,31.2546272278,912.964111328,1253.47497559,1420891196,947488
973.828369141,14.8048229218,386.570373535,990.278137207,1420891196,947488
960.668518066,36.1895675659,623.447570801,1069.23718262,1420891196,947488
868.549621582,29.6096458435,439.209747314,1042.91748047,1420891196,947489
881.709472656,24.6747055054,965.60345459,1227.15539551,1420891196,947489
881.709472656,26.3196849823,281.291625977,1148.19628906,1420891196,947489
1026.46777344,31.2546272278,439.209747314,1069.23718262,1420891196,947490
1026.46777344,37.8345489502,570.808166504,911.319091797,1420891196,947490
973.828369141,90.4739151001,412.890075684,990.278137207,1420891196,947490
842.229919434,44.4144706726,965.60345459,1306.11437988,1420891196,947491
894.86932373,29.6096458435,333.930999756,1174.51599121,1420891196,947491
973.828369141,46.0594482422,386.570373535,1016.59783936,1420891196,947491
1000.14807129,19.7397632599,597.127868652,990.278137207,1420891196,947492
934.348815918,39.4795265198,649.767211914,1174.51599121,1420891196,947492
855.389770508,37.8345489502,491.849121094,1095.55688477,1420891196,947492
881.709472656,13.1598424911,333.930999756,1253.47497559,1420891197,14961
881.709472656,23.0297241211,412.890075684,1200.83569336,1420891197,14963
908.029174805,39.4795265198,518.168823242,1200.83569336,1420891197,14963
986.988220215,26.3196849823,333.930999756,1200.83569336,1420891197,14964
855.389770508,19.7397632599,254.971954346,1121.87658691,1420891197,14964
776.430725098,29.6096458435,465.529449463,1200.83569336,1420891197,14964
829.070068359,32.8996086121,649.767211914,1200.83569336,1420891197,14965
855.389770508,24.6747055054,281.291625977,1095.55688477,1420891197,14965
881.709472656,24.6747055054,570.808166504,1069.23718262,1420891197,14965
855.389770508,31.2546272278,0.0,963.958496094,1420891197,14966
697.471679688,29.6096458435,605.352783203,1095.55688477,1420891197,14966
723.791320801,26.3196849823,763.270874023,1306.11437988,1420891197,14966
723.791320801,27.9646663666,289.516540527,1174.51599121,1420891197,14967
802.750427246,29.6096458435,289.516540527,1148.19628906,1420891197,14967
829.070068359,34.5445861816,473.754333496,990.278137207,1420891197,14967
776.430725098,70.7341537476,368.475585938,1095.55688477,1420891197,14968
671.151977539,41.1245079041,842.229919434,1385.07348633,1420891197,97440
723.791320801,27.9646663666,289.516540527,1253.47497559,1420891197,97441
776.430725098,42.7694892883,342.155914307,1121.87658691,1420891197,97441
776.430725098,26.3196849823,579.033081055,1069.23718262,1420891197,97442
697.471679688,34.5445861816,605.352783203,1306.11437988,1420891197,97442
644.832275391,34.5445861816,421.114959717,1227.15539551,1420891197,97442
723.791320801,18.094783783,368.475585938,1385.07348633,1420891197,97442
723.791320801,26.3196849823,552.713378906,1227.15539551,1420891197,97443
776.430725098,36.1895675659,394.795288086,1174.51599121,1420891197,97444
802.750427246,27.9646663666,421.114959717,1332.43408203,1420891197,97444
750.111022949,21.3847446442,105.278739929,1200.83569336,1420891197,97445
697.471679688,29.6096458435,289.516540527,1279.79467773,1420891197,97445
750.111022949,32.8996086121,763.270874023,1306.11437988,1420891197,97446
776.430725098,26.3196849823,473.754333496,1227.15539551,1420891197,97446
802.750427246,27.9646663666,473.754333496,1148.19628906,1420891197,97446
750.111022949,29.6096458435,368.475585938,1306.11437988,1420891197,97446
671.151977539,29.6096458435,500.074035645,1227.15539551,1420891197,171253
750.111022949,24.6747055054,394.795288086,1385.07348633,1420891197,171255
750.111022949,26.3196849823,579.033081055,1332.43408203,1420891197,171255
829.070068359,29.6096458435,236.877166748,1306.11437988,1420891197,171256
829.070068359,34.5445861816,236.877166748,1148.19628906,1420891197,171256
829.070068359,100.343803406,605.352783203,1279.79467773,1420891197,171256
697.471679688,62.5092544556,473.754333496,1385.07348633,1420891197,171257
802.750427246,23.0297241211,368.475585938,1306.11437988,1420891197,171257
855.389770508,64.1542358398,368.475585938,1227.15539551,1420891197,171257
829.070068359,59.219291687,526.393737793,1174.51599121,1420891197,171258
802.750427246,36.1895675659,605.352783203,1358.75378418,1420891197,171258
697.471679688,47.7044296265,500.074035645,1306.11437988,1420891197,171258
750.111022949,9.86988162994,447.434661865,1490.35217285,1420891197,171259
802.750427246,11.5148620605,289.516540527,1306.11437988,1420891197,171259
881.709472656,49.3494110107,500.074035645,1279.79467773,1420891197,171259
829.070068359,27.9646663666,605.352783203,1332.43408203,1420891197,171260
817.555236816,13.1598424911,621.80255127,893.224304199,1420891197,171261
843.874938965,27.9646663666,490.20413208,893.224304199,1420891197,241314
857.034729004,39.4795265198,595.482910156,893.224304199,1420891197,241316
883.354431152,23.0297241211,832.360046387,893.224304199,1420891197,241316
896.514282227,19.7397632599,727.081298828,761.625915527,1420891197,241317
817.555236816,31.2546272278,779.720703125,919.544006348,1420891197,241317
751.75604248,31.2546272278,700.76159668,840.584960938,1420891197,241318
857.034729004,23.0297241211,674.441955566,972.183410645,1420891197,241318
857.034729004,27.9646663666,674.441955566,919.544006348,1420891197,241318
922.833984375,32.8996086121,806.040344238,893.224304199,1420891197,241319
909.674133301,29.6096458435,648.122253418,893.224304199,1420891197,241319
909.674133301,39.4795265198,990.278137207,893.224304199,1420891197,241319
751.75604248,36.1895675659,884.999450684,945.863708496,1420891197,241320
883.354431152,27.9646663666,700.76159668,919.544006348,1420891197,241320
949.153686523,31.2546272278,490.20413208,682.666870117,1420891197,241320
896.514282227,21.3847446442,832.360046387,761.625915527,1420891197,241321
857.034729004,34.5445861816,1069.23718262,919.544006348,1420891197,241321
741.886108398,29.6096458435,779.720703125,840.584960938,1420891197,312450
893.224304199,27.9646663666,648.122253418,735.306213379,1420891197,312452
876.774536133,27.9646663666,832.360046387,840.584960938,1420891197,312452
886.64440918,29.6096458435,911.319091797,840.584960938,1420891197,312453
880.064453125,31.2546272278,779.720703125,761.625915527,1420891197,312453
827.425109863,47.7044296265,779.720703125,945.863708496,1420891197,312453
820.845214844,39.4795265198,490.20413208,814.265258789,1420891197,312454
903.094238281,26.3196849823,779.720703125,814.265258789,1420891197,312455
908.029174805,34.5445861816,963.958496094,814.265258789,1420891197,312455
876.774536133,18.094783783,516.523803711,735.306213379,1420891197,312455
861.969726562,34.5445861816,1016.59783936,814.265258789,1420891197,312457
743.53112793,31.2546272278,621.80255127,814.265258789,1420891197,312457
791.235534668,24.6747055054,1174.51599121,1051.14245605,1420891197,312457
866.904663086,23.0297241211,411.24508667,814.265258789,1420891197,312458
876.774536133,31.2546272278,963.958496094,893.224304199,1420891197,312458
883.354431152,32.8996086121,648.122253418,787.945556641,1420891197,312458
876.774536133,70.7341537476,911.319091797,893.224304199,1420891197,391229
778.075683594,54.2843513489,858.679748535,866.904663086,1420891197,391231
909.674133301,21.3847446442,648.122253418,866.904663086,1420891197,391231
909.674133301,41.1245079041,1148.19628906,787.945556641,1420891197,391232
883.354431152,9.86988162994,806.040344238,761.625915527,1420891197,391232
797.815490723,37.8345489502,1332.43408203,1024.82275391,1420891197,391232
751.75604248,34.5445861816,806.040344238,919.544006348,1420891197,391233
903.094238281,23.0297241211,779.720703125,919.544006348,1420891197,391233
889.934387207,23.0297241211,990.278137207,893.224304199,1420891197,391233
889.934387207,34.5445861816,1148.19628906,893.224304199,1420891197,391233
876.774536133,37.8345489502,779.720703125,840.584960938,1420891197,391234
824.135131836,74.0241165161,1042.91748047,998.503051758,1420891197,391234
791.235534668,39.4795265198,621.80255127,945.863708496,1420891197,391234
935.993835449,31.2546272278,1042.91748047,919.544006348,1420891197,391235
935.993835449,32.8996086121,990.278137207,866.904663086,1420891197,391235
889.934387207,6.57992124557,779.720703125,814.265258789,1420891197,391235
863.614685059,41.1245079041,1200.83569336,945.863708496,1420891197,461240
758.3359375,31.2546272278,779.720703125,945.863708496,1420891197,461242
824.135131836,21.3847446442,1437.71276855,1130.10144043,1420891197,461242
929.413879395,23.0297241211,806.040344238,919.544006348,1420891197,461242
876.774536133,34.5445861816,1095.55688477,1024.82275391,1420891197,461243
903.094238281,32.8996086121,911.319091797,893.224304199,1420891197,461243
810.975280762,49.3494110107,1306.11437988,1024.82275391,1420891197,461243
810.975280762,31.2546272278,753.401000977,1024.82275391,1420891197,461244
942.573730469,32.8996086121,1095.55688477,972.183410645,1420891197,461244
916.25402832,27.9646663666,1121.87658691,1024.82275391,1420891197,461244
929.413879395,16.449804306,779.720703125,840.584960938,1420891197,461244
824.135131836,36.1895675659,1306.11437988,1077.4621582,1420891197,461245
797.815490723,31.2546272278,700.76159668,972.183410645,1420891197,461245
955.733581543,65.7992172241,884.999450684,787.945556641,1420891197,461245
955.733581543,75.6690979004,1121.87658691,945.863708496,1420891197,461246
916.25402832,18.094783783,884.999450684,945.863708496,1420891197,461246
916.25402832,49.3494110107,884.999450684,840.584960938,1420891197,531206
942.573730469,41.1245079041,806.040344238,972.183410645,1420891197,531209
850.454833984,57.5743103027,911.319091797,1024.82275391,1420891197,531210
1034.69262695,32.8996086121,937.638793945,919.544006348,1420891197,531210
968.893432617,32.8996086121,1200.83569336,998.503051758,1420891197,531211
968.893432617,1.64498031139,727.081298828,893.224304199,1420891197,531211
955.733581543,39.4795265198,990.278137207,998.503051758,1420891197,531212
876.774536133,37.8345489502,753.401000977,998.503051758,1420891197,531214
968.893432617,18.094783783,1069.23718262,1130.10144043,1420891197,531214
1021.53277588,21.3847446442,674.441955566,945.863708496,1420891197,531215
995.213134766,36.1895675659,937.638793945,972.183410645,1420891197,531216
995.213134766,32.8996086121,779.720703125,893.224304199,1420891197,531216
995.213134766,46.0594482422,990.278137207,972.183410645,1420891197,531217
916.25402832,42.7694892883,937.638793945,1024.82275391,1420891197,531217
1087.33203125,27.9646663666,753.401000977,945.863708496,1420891197,531218
1047.85253906,32.8996086121,1174.51599121,1130.10144043,1420891197,531218
1021.53277588,14.8048229218,569.163208008,866.904663086,1420891197,603687
968.893432617,37.8345489502,1464.0324707,972.183410645,1420891197,603688
916.25402832,32.8996086121,648.122253418,972.183410645,1420891197,603689
1021.53277588,24.6747055054,1279.79467773,1024.82275391,1420891197,603689
1074.17211914,23.0297241211,806.040344238,919.544006348,1420891197,603689
1021.53277588,31.2546272278,963.958496094,1024.82275391,1420891197,603690
1021.53277588,31.2546272278,858.679748535,787.945556641,1420891197,603690
1047.85253906,49.3494110107,753.401000977,866.904663086,1420891197,603690
942.573730469,46.0594482422,1042.91748047,919.544006348,1420891197,603691
1126.81152344,24.6747055054,806.040344238,840.584960938,1420891197,603691
1074.17211914,34.5445861816,1279.79467773,1182.74084473,1420891197,603691
1047.85253906,13.1598424911,516.523803711,814.265258789,1420891197,603696
995.213134766,32.8996086121,1148.19628906,1051.14245605,1420891197,603704
968.893432617,32.8996086121,884.999450684,945.863708496,1420891197,603711
1047.85253906,27.9646663666,1095.55688477,945.863708496,1420891197,603717
1100.49182129,29.6096458435,1042.91748047,919.544006348,1420891197,603724
1100.49182129,29.6096458435,621.80255127,840.584960938,1420891197,672498
1021.53277588,34.5445861816,1095.55688477,787.945556641,1420891197,672500
1047.85253906,50.994392395,858.679748535,893.224304199,1420891197,672500
916.25402832,49.3494110107,1490.35217285,1182.74084473,1420891197,672501
995.213134766,24.6747055054,779.720703125,1130.10144043,1420891197,672501
1074.17211914,36.1895675659,911.319091797,1077.4621582,1420891197,672501
995.213134766,11.5148620605,753.401000977,919.544006348,1420891197,672502
995.213134766,34.5445861816,1095.55688477,1024.82275391,1420891197,672502
968.893432617,32.8996086121,1095.55688477,972.183410645,1420891197,672502
1100.49182129,24.6747055054,542.843505859,840.584960938,1420891197,672502
1100.49182129,34.5445861816,1279.79467773,945.863708496,1420891197,672503
1047.85253906,32.8996086121,884.999450684,972.183410645,1420891197,672503
1021.53277588,31.2546272278,1174.51599121,945.863708496,1420891197,672503
942.573730469,23.0297241211,1121.87658691,1182.74084473,1420891197,672504
968.893432617,24.6747055054,858.679748535,972.183410645,1420891197,672504
1074.17211914,32.8996086121,832.360046387,919.544006348,1420891197,672504
1100.49182129,27.9646663666,1095.55688477,1077.4621582,1420891197,757472
1047.85253906,24.6747055054,911.319091797,919.544006348,1420891197,757474
1074.17211914,27.9646663666,990.278137207,998.503051758,1420891197,757474
995.213134766,29.6096458435,911.319091797,998.503051758,1420891197,757474
1047.85253906,26.3196849823,1253.47497559,1051.14245605,1420891197,757474
1153.13122559,24.6747055054,911.319091797,972.183410645,1420891197,757475
1047.85253906,27.9646663666,1095.55688477,1156.42114258,1420891197,757475
1047.85253906,32.8996086121,832.360046387,840.584960938,1420891197,757476
1074.17211914,64.1542358398,1148.19628906,998.503051758,1420891197,757477
995.213134766,44.4144706726,1042.91748047,1024.82275391,1420891197,757477
1179.45092773,24.6747055054,832.360046387,866.904663086,1420891197,757478
1179.45092773,36.1895675659,1200.83569336,840.584960938,1420891197,757479
1126.81152344,13.1598424911,832.360046387,866.904663086,1420891197,757479
1074.17211914,36.1895675659,1437.71276855,1051.14245605,1420891197,757479
1074.17211914,31.2546272278,858.679748535,1024.82275391,1420891197,757480
1126.81152344,24.6747055054,1227.15539551,1182.74084473,1420891197,757480
927.768920898,23.0297241211,661.282104492,804.395385742,1420891197,757480
848.809875488,32.8996086121,661.282104492,935.993835449,1420891197,832462
848.809875488,29.6096458435,608.642700195,857.034729004,1420891197,832463
822.49017334,24.6747055054,634.962402344,1014.95288086,1420891197,832464
822.49017334,27.9646663666,582.323059082,1014.95288086,1420891197,832464
901.44921875,31.2546272278,608.642700195,909.674133301,1420891197,832464
1006.72796631,27.9646663666,634.962402344,909.674133301,1420891197,832465
901.44921875,26.3196849823,477.044311523,883.354431152,1420891197,832465
927.768920898,27.9646663666,319.126190186,935.993835449,1420891197,832465
875.129516602,29.6096458435,740.241149902,1041.27258301,1420891197,832466
927.768920898,27.9646663666,766.560852051,1041.27258301,1420891197,832466
1006.72796631,27.9646663666,582.323059082,962.313476562,1420891197,832466
980.40826416,27.9646663666,477.044311523,962.313476562,1420891197,832467
927.768920898,29.6096458435,634.962402344,909.674133301,1420891197,832467
980.40826416,54.2843513489,529.683654785,857.034729004,1420891197,832467
875.129516602,49.3494110107,1029.75769043,1199.19067383,1420891197,832467
927.768920898,21.3847446442,608.642700195,1146.55126953,1420891197,832468
1033.04760742,50.994392395,345.445861816,883.354431152,1420891197,906204
875.129516602,57.5743103027,740.241149902,988.633178711,1420891197,906206
875.129516602,27.9646663666,766.560852051,1120.23156738,1420891197,906206
875.129516602,41.1245079041,766.560852051,1093.9119873,1420891197,906207
1006.72796631,18.094783783,266.486816406,962.313476562,1420891197,906207
1006.72796631,18.094783783,529.683654785,962.313476562,1420891197,906207
927.768920898,41.1245079041,845.519897461,988.633178711,1420891197,906208
901.44921875,31.2546272278,661.282104492,1014.95288086,1420891197,906208
848.809875488,32.8996086121,661.282104492,1172.87097168,1420891197,906208
901.44921875,31.2546272278,345.445861816,1120.23156738,1420891197,906209
1006.72796631,34.5445861816,661.282104492,1067.59228516,1420891197,906209
1006.72796631,27.9646663666,766.560852051,1093.9119873,1420891197,906210
927.768920898,18.094783783,661.282104492,1041.27258301,1420891197,906210
927.768920898,32.8996086121,424.404937744,962.313476562,1420891197,906210
901.44921875,31.2546272278,398.085235596,1093.9119873,1420891197,906211
954.088623047,24.6747055054,924.478942871,1172.87097168,1420891197,906211
1046.20751953,26.3196849823,529.683654785,988.633178711,1420891197,971203
927.768920898,31.2546272278,924.478942871,1172.87097168,1420891197,971204
927.768920898,27.9646663666,582.323059082,988.633178711,1420891197,971205
940.928771973,24.6747055054,556.003356934,1120.23156738,1420891197,971205
927.768920898,27.9646663666,898.159240723,1172.87097168,1420891197,971205
980.40826416,29.6096458435,556.003356934,1093.9119873,1420891197,971206
1059.36730957,32.8996086121,713.921447754,988.633178711,1420891197,971207
940.928771973,44.4144706726,582.323059082,1041.27258301,1420891197,971207
954.088623047,27.9646663666,371.765563965,1041.27258301,1420891197,971208
927.768920898,31.2546272278,924.478942871,1120.23156738,1420891197,971209
1006.72796631,24.6747055054,477.044311523,1041.27258301,1420891197,971209
1046.20751953,23.0297241211,477.044311523,1014.95288086,1420891197,971209
954.088623047,32.8996086121,1029.75769043,1120.23156738,1420891197,971210
914.609069824,27.9646663666,398.085235596,1067.59228516,1420891197,971210
967.248413086,37.8345489502,713.921447754,1120.23156738,1420891197,971210
927.768920898,39.4795265198,845.519897461,1120.23156738,1420891197,971210
1059.36730957,26.3196849823,266.486816406,935.993835449,1420891198,43706
1059.36730957,32.8996086121,792.880554199,935.993835449,1420891198,43708
1006.72796631,21.3847446442,371.765563965,988.633178711,1420891198,43708
901.44921875,31.2546272278,1056.07739258,1172.87097168,1420891198,43708
927.768920898,31.2546272278,371.765563965,1093.9119873,1420891198,43709
954.088623047,26.3196849823,766.560852051,1146.55126953,1420891198,43717
1006.72796631,24.6747055054,477.044311523,909.674133301,1420891198,43727
954.088623047,29.6096458435,529.683654785,1014.95288086,1420891198,43738
875.129516602,29.6096458435,687.601806641,1014.95288086,1420891198,43744
954.088623047,42.7694892883,345.445861816,962.313476562,1420891198,43758
901.44921875,47.7044296265,1056.07739258,1093.9119873,1420891198,43765
954.088623047,23.0297241211,240.167129517,1014.95288086,1420891198,43777
1033.04760742,36.1895675659,477.044311523,935.993835449,1420891198,43783
927.768920898,18.094783783,477.044311523,1041.27258301,1420891198,43794
901.44921875,32.8996086121,819.200195312,1093.9119873,1420891198,43802
927.768920898,32.8996086121,450.724609375,1093.9119873,1420891198,43808
927.768920898,46.0594482422,687.601806641,1120.23156738,1420891198,117435
980.40826416,55.9293327332,398.085235596,935.993835449,1420891198,117437
954.088623047,21.3847446442,187.527755737,909.674133301,1420891198,117437
822.49017334,41.1245079041,1029.75769043,1041.27258301,1420891198,117437
901.44921875,14.8048229218,213.847442627,1251.83007812,1420891198,117438
875.129516602,31.2546272278,687.601806641,1093.9119873,1420891198,117438
954.088623047,36.1895675659,424.404937744,1120.23156738,1420891198,117438
980.40826416,26.3196849823,608.642700195,1120.23156738,1420891198,117439
848.809875488,23.0297241211,556.003356934,1014.95288086,1420891198,117439
848.809875488,27.9646663666,292.806488037,1120.23156738,1420891198,117439
875.129516602,32.8996086121,740.241149902,1120.23156738,1420891198,117440
927.768920898,26.3196849823,556.003356934,1014.95288086,1420891198,117440
954.088623047,27.9646663666,950.79864502,962.313476562,1420891198,117440
901.44921875,27.9646663666,187.527755737,935.993835449,1420891198,117441
822.49017334,31.2546272278,503.363983154,988.633178711,1420891198,117441
901.44921875,26.3196849823,661.282104492,1172.87097168,1420891198,117441
875.129516602,29.6096458435,687.601806641,1120.23156738,1420891198,192485
875.129516602,29.6096458435,687.601806641,1120.23156738,1420891198,192487
954.088623047,27.9646663666,450.724609375,804.395385742,1420891198,192487
822.49017334,24.6747055054,345.445861816,962.313476562,1420891198,192488
822.49017334,27.9646663666,661.282104492,1093.9119873,1420891198,192488
848.809875488,29.6096458435,634.962402344,1041.27258301,1420891198,192488
901.44921875,26.3196849823,371.765563965,830.715087891,1420891198,192490
901.44921875,29.6096458435,556.003356934,883.354431152,1420891198,192490
822.49017334,29.6096458435,819.200195312,830.715087891,1420891198,192491
769.850830078,27.9646663666,608.642700195,1014.95288086,1420891198,192492
769.850830078,26.3196849823,687.601806641,1199.19067383,1420891198,192492
822.49017334,26.3196849823,213.847442627,962.313476562,1420891198,192492
901.44921875,27.9646663666,556.003356934,962.313476562,1420891198,192493
901.44921875,34.5445861816,898.159240723,883.354431152,1420891198,192493
796.170471191,64.1542358398,556.003356934,962.313476562,1420891198,192494
743.53112793,31.2546272278,634.962402344,1172.87097168,1420891198,192494
822.49017334,31.2546272278,529.683654785,1067.59228516,1420891198,266186
875.129516602,52.6393699646,529.683654785,935.993835449,1420891198,266188
901.44921875,55.9293327332,713.921447754,883.354431152,1420891198,266188
822.49017334,27.9646663666,398.085235596,1067.59228516,1420891198,266188
717.211425781,41.1245079041,792.880554199,1067.59228516,1420891198,266189
822.49017334,11.5148620605,371.765563965,1041.27258301,1420891198,266189
822.49017334,27.9646663666,871.839599609,1067.59228516,1420891198,266189
875.129516602,39.4795265198,398.085235596,962.313476562,1420891198,266190
875.129516602,26.3196849823,792.880554199,1120.23156738,1420891198,266190
743.53112793,19.7397632599,529.683654785,1093.9119873,1420891198,266190
717.211425781,29.6096458435,687.601806641,1120.23156738,1420891198,266191
769.850830078,34.5445861816,792.880554199,1120.23156738,1420891198,266191
822.49017334,47.7044296265,240.167129517,962.313476562,1420891198,266191
848.809875488,69.0891723633,740.241149902,962.313476562,1420891198,266192
796.170471191,21.3847446442,266.486816406,883.354431152,1420891198,266192
690.891723633,42.7694892883,740.241149902,1067.59228516,1420891198,266192
822.49017334,18.094783783,319.126190186,988.633178711,1420891198,337452
769.850830078,32.8996086121,1029.75769043,1146.55126953,1420891198,337454
769.850830078,37.8345489502,319.126190186,1120.23156738,1420891198,337454
796.170471191,27.9646663666,766.560852051,1120.23156738,1420891198,337454
611.932678223,18.094783783,766.560852051,1172.87097168,1420891198,337455
664.57208252,29.6096458435,424.404937744,1093.9119873,1420891198,337455
690.891723633,36.1895675659,713.921447754,1146.55126953,1420891198,337455
743.53112793,26.3196849823,371.765563965,962.313476562,1420891198,337456
743.53112793,36.1895675659,792.880554199,1041.27258301,1420891198,337456
690.891723633,31.2546272278,371.765563965,1067.59228516,1420891198,337456
585.612976074,32.8996086121,608.642700195,1120.23156738,1420891198,337457
717.211425781,47.7044296265,608.642700195,1041.27258301,1420891198,337457
690.891723633,67.444190979,740.241149902,1120.23156738,1420891198,337457
664.57208252,23.0297241211,740.241149902,1120.23156738,1420891198,337458
743.53112793,41.1245079041,424.404937744,1067.59228516,1420891198,337458
638.252380371,9.86988162994,450.724609375,1199.19067383,1420891198,337459
766.560852051,26.3196849823,753.401000977,919.544006348,1420891198,337459
884.999450684,39.4795265198,727.081298828,919.544006348,1420891198,411217
898.159240723,23.0297241211,463.884460449,735.306213379,1420891198,411219
898.159240723,21.3847446442,516.523803711,787.945556641,1420891198,411219
858.679748535,29.6096458435,674.441955566,814.265258789,1420891198,411219
753.401000977,32.8996086121,990.278137207,893.224304199,1420891198,411219
806.040344238,23.0297241211,595.482910156,1130.10144043,1420891198,411221
871.839599609,24.6747055054,542.843505859,866.904663086,1420891198,411221
871.839599609,31.2546272278,700.76159668,919.544006348,1420891198,411221
898.159240723,27.9646663666,884.999450684,866.904663086,1420891198,411222
819.200195312,24.6747055054,858.679748535,893.224304199,1420891198,411222
819.200195312,27.9646663666,516.523803711,787.945556641,1420891198,411223
884.999450684,29.6096458435,437.564758301,840.584960938,1420891198,411223
871.839599609,27.9646663666,990.278137207,893.224304199,1420891198,411223
898.159240723,26.3196849823,884.999450684,761.625915527,1420891198,411224
832.360046387,27.9646663666,779.720703125,919.544006348,1420891198,411224
766.560852051,29.6096458435,727.081298828,840.584960938,1420891198,411224
852.09979248,26.3196849823,937.638793945,972.183410645,1420891198,491208
878.419494629,27.9646663666,700.76159668,893.224304199,1420891198,491210
865.259643555,27.9646663666,911.319091797,893.224304199,1420891198,491211
904.739196777,27.9646663666,779.720703125,814.265258789,1420891198,491211
865.259643555,26.3196849823,516.523803711,893.224304199,1420891198,491211
773.14074707,27.9646663666,1227.15539551,893.224304199,1420891198,491211
911.319091797,27.9646663666,674.441955566,840.584960938,1420891198,491212
884.999450684,27.9646663666,858.679748535,814.265258789,1420891198,491212
891.579345703,26.3196849823,858.679748535,761.625915527,1420891198,491212
858.679748535,27.9646663666,516.523803711,866.904663086,1420891198,491213
759.980895996,27.9646663666,1148.19628906,866.904663086,1420891198,491213
845.519897461,27.9646663666,569.163208008,945.863708496,1420891198,491213
878.419494629,27.9646663666,753.401000977,893.224304199,1420891198,491213
931.058898926,27.9646663666,648.122253418,840.584960938,1420891198,491214
891.579345703,27.9646663666,963.958496094,761.625915527,1420891198,491214
898.159240723,27.9646663666,569.163208008,866.904663086,1420891198,491214
766.560852051,27.9646663666,1200.83569336,998.503051758,1420891198,559921
924.478942871,27.9646663666,648.122253418,893.224304199,1420891198,559922
898.159240723,27.9646663666,858.679748535,893.224304199,1420891198,559923
898.159240723,27.9646663666,1148.19628906,761.625915527,1420891198,559923
898.159240723,27.9646663666,569.163208008,893.224304199,1420891198,559923
792.880554199,27.9646663666,990.278137207,893.224304199,1420891198,559924
950.79864502,42.7694892883,621.80255127,761.625915527,1420891198,559924
924.478942871,69.0891723633,911.319091797,840.584960938,1420891198,559924
871.839599609,21.3847446442,911.319091797,998.503051758,1420891198,559925
924.478942871,46.0594482422,516.523803711,682.666870117,1420891198,559925
871.839599609,72.3791351318,990.278137207,866.904663086,1420891198,559925
819.200195312,32.8996086121,937.638793945,972.183410645,1420891198,559925
950.79864502,37.8345489502,963.958496094,866.904663086,1420891198,559926
950.79864502,41.1245079041,648.122253418,761.625915527,1420891198,559926
924.478942871,54.2843513489,806.040344238,761.625915527,1420891198,559926
924.478942871,41.1245079041,516.523803711,761.625915527,1420891198,559927
806.040344238,39.4795265198,1069.23718262,866.904663086,1420891198,632497
924.478942871,18.094783783,884.999450684,1103.78186035,1420891198,632498
950.79864502,9.86988162994,595.482910156,787.945556641,1420891198,632499
924.478942871,47.7044296265,1227.15539551,919.544006348,1420891198,632499
924.478942871,29.6096458435,832.360046387,840.584960938,1420891198,632500
845.519897461,18.094783783,1227.15539551,945.863708496,1420891198,632500
845.519897461,26.3196849823,858.679748535,840.584960938,1420891198,632502
977.118347168,37.8345489502,674.441955566,840.584960938,1420891198,632502
937.638793945,24.6747055054,1200.83569336,972.183410645,1420891198,632503
937.638793945,21.3847446442,1095.55688477,735.306213379,1420891198,632504
858.679748535,31.2546272278,963.958496094,866.904663086,1420891198,632504
819.200195312,31.2546272278,911.319091797,814.265258789,1420891198,632504
1003.43798828,39.4795265198,542.843505859,630.02746582,1420891198,632505
977.118347168,65.7992172241,1095.55688477,814.265258789,1420891198,632505
977.118347168,24.6747055054,911.319091797,787.945556641,1420891198,632505
937.638793945,39.4795265198,884.999450684,682.666870117,1420891198,632506
990.278137207,46.0594482422,911.319091797,787.945556641,1420891198,703640
884.999450684,39.4795265198,1253.47497559,945.863708496,1420891198,703642
1069.23718262,34.5445861816,832.360046387,787.945556641,1420891198,703642
1069.23718262,34.5445861816,1121.87658691,787.945556641,1420891198,703642
1016.59783936,24.6747055054,806.040344238,735.306213379,1420891198,703643
1016.59783936,41.1245079041,858.679748535,814.265258789,1420891198,703643
937.638793945,34.5445861816,990.278137207,840.584960938,1420891198,703643
1042.91748047,24.6747055054,937.638793945,919.544006348,1420891198,703644
1095.55688477,14.8048229218,674.441955566,735.306213379,1420891198,703644
1121.87658691,36.1895675659,806.040344238,708.98651123,1420891198,703644
1042.91748047,31.2546272278,1121.87658691,708.98651123,1420891198,703645
1095.55688477,21.3847446442,595.482910156,814.265258789,1420891198,703645
963.958496094,26.3196849823,1174.51599121,893.224304199,1420891198,703645
1121.87658691,32.8996086121,832.360046387,814.265258789,1420891198,703645
1121.87658691,27.9646663666,911.319091797,814.265258789,1420891198,703646
1095.55688477,24.6747055054,1306.11437988,682.666870117,1420891198,703646
1069.23718262,27.9646663666,700.76159668,840.584960938,1420891198,776174
1042.91748047,31.2546272278,806.040344238,814.265258789,1420891198,776176
1253.47497559,47.7044296265,542.843505859,577.388122559,1420891198,776176
1253.47497559,77.3140792847,1148.19628906,682.666870117,1420891198,776176
1200.83569336,21.3847446442,858.679748535,787.945556641,1420891198,776177
1200.83569336,41.1245079041,963.958496094,761.625915527,1420891198,776177
1148.19628906,14.8048229218,832.360046387,945.863708496,1420891198,776177
1148.19628906,21.3847446442,674.441955566,761.625915527,1420891198,776177
1279.79467773,41.1245079041,1306.11437988,787.945556641,1420891198,776178
1306.11437988,34.5445861816,595.482910156,524.748718262,1420891198,776178
1253.47497559,67.444190979,1016.59783936,630.02746582,1420891198,776178
1253.47497559,32.8996086121,595.482910156,630.02746582,1420891198,776179
1174.51599121,36.1895675659,963.958496094,708.98651123,1420891198,776179
1227.15539551,24.6747055054,1121.87658691,866.904663086,1420891198,776179
1306.11437988,11.5148620605,569.163208008,630.02746582,1420891198,776180
1306.11437988,41.1245079041,858.679748535,577.388122559,1420891198,776180
1240.31518555,29.6096458435,963.958496094,577.388122559,1420891198,846188
1279.79467773,21.3847446442,674.441955566,630.02746582,1420891198,846189
1148.19628906,24.6747055054,1148.19628906,787.945556641,1420891198,846190
1279.79467773,34.5445861816,911.319091797,682.666870117,1420891198,846190
1266.6348877,34.5445861816,806.040344238,682.666870117,1420891198,846190
1227.15539551,41.1245079041,1385.07348633,630.02746582,1420891198,846191
1227.15539551,26.3196849823,648.122253418,682.666870117,1420891198,846192
1174.51599121,36.1895675659,911.319091797,761.625915527,1420891198,846192
1319.27429199,31.2546272278,911.319091797,551.06842041,1420891198,846193
1319.27429199,49.3494110107,1121.87658691,630.02746582,1420891198,846193
1200.83569336,31.2546272278,1095.55688477,735.306213379,1420891198,846194
1227.15539551,32.8996086121,674.441955566,603.707763672,1420891198,846194
1227.15539551,19.7397632599,779.720703125,603.707763672,1420891198,846194
1161.3560791,24.6747055054,1200.83569336,787.945556641,1420891198,846195
1292.95458984,37.8345489502,1095.55688477,603.707763672,1420891198,846195
1306.11437988,27.9646663666,753.401000977,551.06842041,1420891198,846195
1200.83569336,31.2546272278,1069.23718262,656.347167969,1420891198,916786
1187.67578125,29.6096458435,1069.23718262,656.347167969,1420891198,916788
1174.51599121,31.2546272278,937.638793945,735.306213379,1420891198,916788
1240.31518555,26.3196849823,1227.15539551,840.584960938,1420891198,916788
1332.43408203,21.3847446442,595.482910156,551.06842041,1420891198,916789
1266.6348877,31.2546272278,1227.15539551,630.02746582,1420891198,916789
1227.15539551,34.5445861816,937.638793945,551.06842041,1420891198,916789
1200.83569336,75.6690979004,1016.59783936,551.06842041,1420891198,916790
1187.67578125,50.994392395,727.081298828,603.707763672,1420891198,916790
1319.27429199,23.0297241211,832.360046387,472.109344482,1420891198,916790
1292.95458984,46.0594482422,1332.43408203,630.02746582,1420891198,916791
1240.31518555,24.6747055054,1148.19628906,551.06842041,1420891198,916791
1200.83569336,36.1895675659,1016.59783936,630.02746582,1420891198,916791
1200.83569336,37.8345489502,884.999450684,630.02746582,1420891198,916800
1345.59387207,31.2546272278,884.999450684,393.150299072,1420891198,916801
1358.75378418,54.2843513489,1200.83569336,498.429046631,1420891198,916801
787.945556641,34.5445861816,710.631530762,944.218688965,1420891198,916802
801.105407715,36.1895675659,684.311828613,838.940002441,1420891198,998700
755.045959473,14.8048229218,526.393737793,996.858093262,1420891198,998702
794.525512695,23.0297241211,526.393737793,970.538391113,1420891198,998702
906.384155273,42.7694892883,789.590576172,812.620300293,1420891198,998702
926.123962402,26.3196849823,500.074035645,786.300598145,1420891198,998703
853.744812012,27.9646663666,657.992126465,812.620300293,1420891198,998703
801.105407715,32.8996086121,815.91027832,944.218688965,1420891198,998703
794.525512695,32.8996086121,500.074035645,970.538391113,1420891198,998704
873.484558105,24.6747055054,789.590576172,1102.13684082,1420891198,998704
945.863708496,21.3847446442,342.155914307,838.940002441,1420891198,998704
834.005004883,32.8996086121,921.188964844,970.538391113,1420891198,998705
814.265258789,34.5445861816,526.393737793,891.579345703,1420891198,998705
827.425109863,77.3140792847,631.672424316,891.579345703,1420891198,998705
814.265258789,59.219291687,421.114959717,970.538391113,1420891198,998705
952.443603516,21.3847446442,500.074035645,759.980895996,1420891198,998706
919.544006348,42.7694892883,894.86932373,970.538391113,1420891198,998706
814.265258789,3.28996062279,368.475585938,917.899047852,1420891199,72449
787.945556641,41.1245079041,921.188964844,1023.17779541,1420891199,72451
787.945556641,34.5445861816,368.475585938,1023.17779541,1420891199,72451
919.544006348,29.6096458435,657.992126465,944.218688965,1420891199,72452
919.544006348,44.4144706726,789.590576172,891.579345703,1420891199,72452
866.904663086,32.8996086121,394.795288086,865.259643555,1420891199,72454
787.945556641,36.1895675659,500.074035645,944.218688965,1420891199,72454
840.584960938,26.3196849823,500.074035645,891.579345703,1420891199,72454
787.945556641,26.3196849823,815.91027832,1049.49743652,1420891199,72456
840.584960938,36.1895675659,605.352783203,891.579345703,1420891199,72456
893.224304199,29.6096458435,605.352783203,891.579345703,1420891199,72457
761.625915527,18.094783783,315.836212158,944.218688965,1420891199,72457
787.945556641,29.6096458435,579.033081055,944.218688965,1420891199,72457
761.625915527,34.5445861816,763.270874023,1023.17779541,1420891199,72458
814.265258789,47.7044296265,605.352783203,1023.17779541,1420891199,72458
866.904663086,70.7341537476,789.590576172,891.579345703,1420891199,72458
827.425109863,21.3847446442,184.237792969,865.259643555,1420891199,146210
735.306213379,42.7694892883,973.828369141,970.538391113,1420891199,146212
735.306213379,13.1598424911,736.951171875,1154.77624512,1420891199,146212
735.306213379,23.0297241211,526.393737793,996.858093262,1420891199,146213
866.904663086,41.1245079041,473.754333496,970.538391113,1420891199,146213
827.425109863,32.8996086121,894.86932373,970.538391113,1420891199,146213
735.306213379,42.7694892883,842.229919434,970.538391113,1420891199,146214
735.306213379,26.3196849823,500.074035645,1128.45654297,1420891199,146214
722.146362305,37.8345489502,1026.46777344,1128.45654297,1420891199,146214
853.744812012,21.3847446442,289.516540527,917.899047852,1420891199,146215
866.904663086,23.0297241211,1079.10705566,944.218688965,1420891199,146215
761.625915527,36.1895675659,789.590576172,1075.81713867,1420891199,146215
722.146362305,29.6096458435,473.754333496,1023.17779541,1420891199,146215
840.584960938,23.0297241211,526.393737793,1023.17779541,1420891199,146216
748.466064453,27.9646663666,973.828369141,1128.45654297,1420891199,146216
853.744812012,34.5445861816,842.229919434,1075.81713867,1420891199,146216
873.484558105,26.3196849823,684.311828613,1054.43237305,1420891199,216215
761.625915527,24.6747055054,789.590576172,1057.72241211,1420891199,216217
768.205810547,27.9646663666,500.074035645,1061.0123291,1420891199,216217
748.466064453,29.6096458435,1131.74645996,1087.33203125,1420891199,216217
827.425109863,32.8996086121,684.311828613,1319.27429199,1420891199,216218
853.744812012,42.7694892883,789.590576172,980.40826416,1420891199,216218
761.625915527,26.3196849823,631.672424316,1171.22595215,1420891199,216218
715.566467285,32.8996086121,789.590576172,1052.78747559,1420891199,216219
748.466064453,23.0297241211,815.91027832,1187.67578125,1420891199,216219
755.045959473,24.6747055054,605.352783203,1181.0958252,1420891199,216219
880.064453125,31.2546272278,473.754333496,1041.27258301,1420891199,216220
847.164855957,31.2546272278,789.590576172,1057.72241211,1420891199,216220
755.045959473,39.4795265198,789.590576172,1034.69262695,1420891199,216220
768.205810547,27.9646663666,421.114959717,1059.36730957,1420891199,216220
748.466064453,31.2546272278,894.86932373,1098.84692383,1420891199,216221
866.904663086,34.5445861816,315.836212158,926.123962402,1420891199,216221
866.904663086,64.1542358398,973.828369141,952.443603516,1420891199,283696
814.265258789,32.8996086121,552.713378906,1031.40270996,1420891199,283698
735.306213379,32.8996086121,789.590576172,978.763305664,1420891199,283698
840.584960938,23.0297241211,657.992126465,1005.08300781,1420891199,283698
787.945556641,18.094783783,868.549621582,1057.72241211,1420891199,283699
840.584960938,39.4795265198,1184.38586426,1005.08300781,1420891199,283700
866.904663086,27.9646663666,552.713378906,847.164855957,1420891199,283700
708.98651123,23.0297241211,868.549621582,952.443603516,1420891199,283701
787.945556641,26.3196849823,421.114959717,926.123962402,1420891199,283701
787.945556641,32.8996086121,1131.74645996,952.443603516,1420891199,283702
814.265258789,26.3196849823,789.590576172,1005.08300781,1420891199,283702
840.584960938,23.0297241211,763.270874023,847.164855957,1420891199,283702
814.265258789,29.6096458435,736.951171875,873.484558105,1420891199,283702
708.98651123,29.6096458435,947.508666992,873.484558105,1420891199,283703
814.265258789,26.3196849823,921.188964844,873.484558105,1420891199,283703
761.625915527,27.9646663666,1026.46777344,952.443603516,1420891199,283703
840.584960938,29.6096458435,763.270874023,741.886108398,1420891199,362459
840.584960938,27.9646663666,947.508666992,794.525512695,1420891199,362460
682.666870117,26.3196849823,947.508666992,820.845214844,1420891199,362461
682.666870117,27.9646663666,947.508666992,978.763305664,1420891199,362461
735.306213379,29.6096458435,973.828369141,873.484558105,1420891199,362461
840.584960938,29.6096458435,526.393737793,583.968017578,1420891199,362461
840.584960938,37.8345489502,1184.38586426,689.246765137,1420891199,362462
735.306213379,27.9646663666,868.549621582,847.164855957,1420891199,362462
682.666870117,29.6096458435,657.992126465,847.164855957,1420891199,362462
814.265258789,26.3196849823,684.311828613,741.886108398,1420891199,362463
787.945556641,24.6747055054,1079.10705566,820.845214844,1420891199,362463
814.265258789,31.2546272278,973.828369141,741.886108398,1420891199,362463
840.584960938,27.9646663666,815.91027832,741.886108398,1420891199,362464
682.666870117,26.3196849823,1052.78747559,847.164855957,1420891199,362464
708.98651123,26.3196849823,552.713378906,741.886108398,1420891199,362464
