TP9,FP1,FP2,TP10,timestamp,duration
960.668518066,1288.01965332,1199.19067383,959.02355957,1420892753,424167
983.698242188,866.904663086,883.354431152,990.278137207,1420892753,424171
959.02355957,524.748718262,620.157592773,990.278137207,1420892753,424171
932.703857422,1314.3392334,1278.14978027,954.088623047,1420892753,424172
945.863708496,1156.42114258,1146.55126953,932.703857422,1420892753,424173
922.833984375,840.584960938,804.395385742,929.413879395,1420892753,424173
935.993835449,998.503051758,1067.59228516,937.638793945,1420892753,424173
917.899047852,1235.38024902,1093.9119873,911.319091797,1420892753,424174
901.44921875,945.863708496,962.313476562,908.029174805,1420892753,424174
857.034729004,1682.81494141,1567.66625977,834.005004883,1420892753,424174
865.259643555,524.748718262,514.878845215,898.159240723,1420892753,424175
891.579345703,761.625915527,857.034729004,908.029174805,1420892753,424175
921.188964844,761.625915527,883.354431152,903.094238281,1420892753,424175
853.744812012,1551.21643066,1462.38757324,866.904663086,1420892753,424176
878.419494629,945.863708496,909.674133301,873.484558105,1420892753,424176
860.324707031,893.224304199,804.395385742,888.289367676,1420892753,424176
853.744812012,1077.4621582,1093.9119873,875.129516602,1420892753,502906
842.229919434,1261.69995117,1146.55126953,834.005004883,1420892753,502908
840.584960938,630.02746582,672.796936035,852.09979248,1420892753,502909
832.360046387,1209.06054688,1225.51037598,825.780151367,1420892753,502909
922.833984375,761.625915527,778.075683594,937.638793945,1420892753,502909
937.638793945,1209.06054688,1278.14978027,917.899047852,1420892753,502909
967.248413086,1103.78186035,1067.59228516,949.153686523,1420892753,502910
1001.79302979,919.544006348,962.313476562,977.118347168,1420892753,502910
998.503051758,1024.82275391,1014.95288086,988.633178711,1420892753,502910
972.183410645,814.265258789,883.354431152,1005.08300781,1420892753,502911
1024.82275391,1209.06054688,1251.83007812,1061.0123291,1420892753,502911
1044.5625,1156.42114258,1041.27258301,1051.14245605,1420892753,502911
1097.2019043,314.191253662,488.559173584,1108.71679688,1420892753,502912
1077.4621582,1682.81494141,1682.81494141,1090.62194824,1420892753,502912
1123.52160645,472.109344482,524.748718262,1110.36169434,1420892753,502912
1113.6517334,1340.65893555,1445.93774414,1093.9119873,1420892753,502912
1153.13122559,866.904663086,787.945556641,1120.23156738,1420892753,577898
1139.97143555,761.625915527,787.945556641,1139.97143555,1420892753,577900
1061.0123291,1393.29833984,1288.01965332,1093.9119873,1420892753,577900
1100.49182129,603.707763672,551.06842041,1153.13122559,1420892753,577900
1100.49182129,1445.93774414,1366.9786377,1126.81152344,1420892753,577901
1139.97143555,656.347167969,551.06842041,1146.55126953,1420892753,577901
1139.97143555,814.265258789,840.584960938,1139.97143555,1420892753,577901
1047.85253906,1288.01965332,1077.4621582,1067.59228516,1420892753,577902
1034.69262695,1077.4621582,893.224304199,1047.85253906,1420892753,577902
1034.69262695,603.707763672,498.429046631,1047.85253906,1420892753,577902
982.053283691,656.347167969,603.707763672,1008.3729248,1420892753,577902
982.053283691,1024.82275391,866.904663086,975.473327637,1420892753,577903
903.094238281,1235.38024902,998.503051758,935.993835449,1420892753,577903
876.774536133,1603.85583496,1235.38024902,889.934387207,1420892753,577903
942.573730469,393.150299072,314.191253662,942.573730469,1420892753,577904
889.934387207,866.904663086,787.945556641,909.674133301,1420892753,577904
870.194580078,972.183410645,840.584960938,876.774536133,1420892753,641694
804.395385742,1498.57714844,1209.06054688,843.874938965,1420892753,641698
863.614685059,577.388122559,419.470001221,883.354431152,1420892753,641699
883.354431152,445.789672852,472.109344482,916.25402832,1420892753,641699
850.454833984,945.863708496,814.265258789,883.354431152,1420892753,641700
850.454833984,1630.17553711,1366.9786377,857.034729004,1420892753,641700
837.29498291,1261.69995117,945.863708496,876.774536133,1420892753,641701
896.514282227,498.429046631,393.150299072,909.674133301,1420892753,641701
876.774536133,1103.78186035,972.183410645,863.614685059,1420892753,641701
817.555236816,1077.4621582,814.265258789,830.715087891,1420892753,641702
738.596191406,1209.06054688,893.224304199,791.235534668,1420892753,641702
784.655639648,630.02746582,498.429046631,830.715087891,1420892753,641702
804.395385742,630.02746582,524.748718262,870.194580078,1420892753,641703
850.454833984,919.544006348,814.265258789,876.774536133,1420892753,641703
817.555236816,1314.3392334,1077.4621582,850.454833984,1420892753,641703
824.135131836,1209.06054688,972.183410645,830.715087891,1420892753,641704
835.650024414,139.82333374,269.776763916,842.229919434,1420892753,641705
829.070068359,666.217041016,769.850830078,774.785766602,1420892753,722913
829.070068359,903.094238281,901.44921875,801.105407715,1420892753,722915
842.229919434,1061.0123291,1033.04760742,861.969726562,1420892753,722915
888.289367676,797.815490723,848.809875488,886.64440918,1420892753,722915
934.348815918,955.733581543,1006.72796631,914.609069824,1420892753,722916
934.348815918,876.774536133,875.129516602,912.964111328,1420892753,722916
901.44921875,534.618591309,532.973632812,939.283752441,1420892753,722916
934.348815918,718.856384277,743.53112793,922.833984375,1420892753,722917
894.86932373,797.815490723,822.49017334,904.739196777,1420892753,722917
921.188964844,1087.33203125,1059.36730957,912.964111328,1420892753,722917
940.928771973,903.094238281,822.49017334,914.609069824,1420892753,722918
908.029174805,745.176086426,769.850830078,932.703857422,1420892753,722918
940.928771973,613.577697754,611.932678223,959.02355957,1420892753,722918
881.709472656,1034.69262695,1033.04760742,932.703857422,1420892753,722918
914.609069824,929.413879395,848.809875488,904.739196777,1420892753,722919
914.609069824,903.094238281,875.129516602,894.86932373,1420892753,722919
954.088623047,481.979248047,506.653930664,924.478942871,1420892753,792954
901.44921875,876.774536133,927.768920898,908.029174805,1420892753,792957
868.549621582,1034.69262695,927.768920898,891.579345703,1420892753,792957
908.029174805,587.257995605,638.252380371,917.899047852,1420892753,792992
835.650024414,850.454833984,822.49017334,881.709472656,1420892753,793003
868.549621582,34.5445861816,217.137405396,921.188964844,1420892753,793019
789.590576172,1192.61071777,1217.28540039,825.780151367,1420892753,793032
730.371276855,745.176086426,743.53112793,763.270874023,1420892753,793033
730.371276855,508.298919678,611.932678223,750.111022949,1420892753,793033
750.111022949,481.979248047,585.612976074,779.720703125,1420892753,793034
756.690979004,481.979248047,611.932678223,815.91027832,1420892753,793035
789.590576172,587.257995605,690.891723633,832.360046387,1420892753,793035
763.270874023,666.217041016,848.809875488,773.14074707,1420892753,793035
736.951171875,1192.61071777,1112.00671387,727.081298828,1420892753,793036
730.371276855,297.741455078,375.055511475,733.661254883,1420892753,793042
684.311828613,1061.0123291,1085.68701172,694.18170166,1420892753,793057
687.601806641,955.733581543,980.40826416,681.021850586,1420892753,865471
674.441955566,534.618591309,611.932678223,700.76159668,1420892753,865474
702.406616211,429.339874268,611.932678223,736.951171875,1420892753,865474
672.796936035,1113.6517334,1138.32641602,700.76159668,1420892753,865475
671.151977539,745.176086426,927.768920898,687.601806641,1420892753,865476
643.187316895,797.815490723,980.40826416,638.252380371,1420892753,865476
626.737487793,324.061126709,664.57208252,641.542358398,1420892753,865476
590.547912598,955.733581543,1190.96582031,585.612976074,1420892753,865477
602.062805176,376.700500488,664.57208252,611.932678223,1420892753,865477
524.748718262,1429.48791504,1506.80200195,549.423461914,1420892753,865477
621.80255127,60.8642730713,296.096466064,602.062805176,1420892753,865477
583.968017578,955.733581543,1296.24450684,575.743103027,1420892753,865478
587.257995605,587.257995605,822.49017334,605.352783203,1420892753,865478
574.098144531,1113.6517334,1401.52319336,595.482910156,1420892753,865478
593.837890625,692.536743164,822.49017334,595.482910156,1420892753,865479
623.447570801,324.061126709,664.57208252,621.80255127,1420892753,865479
565.87322998,1061.0123291,1243.60510254,575.743103027,1420892753,936828
562.583251953,797.815490723,1033.04760742,565.87322998,1420892753,936831
521.458740234,1113.6517334,1217.28540039,523.103759766,1420892753,936831
579.033081055,113.503646851,401.375213623,579.033081055,1420892753,936831
554.358398438,692.536743164,1059.36730957,552.713378906,1420892753,936832
552.713378906,797.815490723,1085.68701172,549.423461914,1420892753,936832
542.843505859,850.454833984,1138.32641602,559.293334961,1420892753,936832
552.713378906,797.815490723,1112.00671387,569.163208008,1420892753,936832
611.932678223,376.700500488,796.170471191,615.22265625,1420892753,936833
549.423461914,1271.56982422,1506.80200195,546.133483887,1420892753,936833
583.968017578,481.979248047,717.211425781,588.902954102,1420892753,936833
575.743103027,1166.29101562,1401.52319336,572.453186035,1420892753,936834
615.22265625,324.061126709,585.612976074,605.352783203,1420892753,936834
608.642700195,797.815490723,1164.64611816,611.932678223,1420892753,936834
603.707763672,1061.0123291,1243.60510254,598.772827148,1420892753,936835
630.02746582,587.257995605,901.44921875,638.252380371,1420892753,936835
628.382507324,797.815490723,1033.04760742,638.252380371,1420892754,19144
702.406616211,429.339874268,743.53112793,677.731872559,1420892754,19146
646.477294922,1008.3729248,1243.60510254,648.122253418,1420892754,19146
633.317443848,797.815490723,980.40826416,631.672424316,1420892754,19146
620.157592773,797.815490723,954.088623047,641.542358398,1420892754,19147
639.897338867,376.700500488,664.57208252,684.311828613,1420892754,19147
616.867614746,1061.0123291,1190.96582031,654.702148438,1420892754,19147
667.861999512,692.536743164,927.768920898,690.891723633,1420892754,19148
623.447570801,1166.29101562,1348.88391113,618.512634277,1420892754,19148
616.867614746,218.78237915,427.694885254,628.382507324,1420892754,19148
577.388122559,955.733581543,1269.92480469,598.772827148,1420892754,19148
592.192932129,1008.3729248,1112.00671387,625.092529297,1420892754,19149
639.897338867,534.618591309,848.809875488,687.601806641,1420892754,19149
646.477294922,1166.29101562,1454.16259766,661.282104492,1420892754,19149
717.211425781,324.061126709,638.252380371,700.76159668,1420892754,19150
708.98651123,745.176086426,1138.32641602,707.341552734,1420892754,19150
723.791320801,771.495788574,1112.00671387,759.980895996,1420892754,82893
715.566467285,1087.33203125,1296.24450684,727.081298828,1420892754,82897
781.365661621,0.0,401.375213623,809.330322266,1420892754,82897
768.205810547,605.352783203,1006.72796631,794.525512695,1420892754,82899
771.495788574,842.229919434,1085.68701172,776.430725098,1420892754,82899
779.720703125,1000.14807129,1269.92480469,778.075683594,1420892754,82900
814.265258789,842.229919434,1033.04760742,806.040344238,1420892754,82900
824.135131836,552.713378906,743.53112793,802.750427246,1420892754,82901
792.880554199,736.951171875,1033.04760742,801.105407715,1420892754,82901
776.430725098,842.229919434,1006.72796631,791.235534668,1420892754,82902
753.401000977,1263.34484863,1454.16259766,733.661254883,1420892754,82902
792.880554199,289.516540527,532.973632812,820.845214844,1420892754,82903
778.075683594,131.598434448,611.932678223,817.555236816,1420892754,82903
723.791320801,789.590576172,1085.68701172,791.235534668,1420892754,82903
732.016235352,1079.10705566,1296.24450684,776.430725098,1420892754,82904
779.720703125,684.311828613,875.129516602,776.430725098,1420892754,82904
801.105407715,657.992126465,901.44921875,807.68536377,1420892754,159129
751.75604248,710.631530762,954.088623047,773.14074707,1420892754,159131
722.146362305,736.951171875,1059.36730957,751.75604248,1420892754,159131
736.951171875,526.393737793,822.49017334,771.495788574,1420892754,159132
753.401000977,447.434661865,848.809875488,768.205810547,1420892754,159132
751.75604248,526.393737793,875.129516602,783.010620117,1420892754,159133
722.146362305,657.992126465,980.40826416,758.3359375,1420892754,159133
733.661254883,921.188964844,1085.68701172,718.856384277,1420892754,159133
786.300598145,0.0,296.096466064,786.300598145,1420892754,159134
728.726318359,1158.06616211,1322.56420898,755.045959473,1420892754,159134
806.040344238,342.155914307,585.612976074,802.750427246,1420892754,159135
735.306213379,1368.62365723,1454.16259766,735.306213379,1420892754,159135
758.3359375,0.0,138.178344727,753.401000977,1420892754,159136
741.886108398,421.114959717,611.932678223,741.886108398,1420892754,159136
735.306213379,552.713378906,743.53112793,746.821105957,1420892754,159137
743.53112793,1131.74645996,1217.28540039,776.430725098,1420892754,159137
804.395385742,894.86932373,1033.04760742,838.940002441,1420892754,229150
871.839599609,342.155914307,611.932678223,919.544006348,1420892754,229152
863.614685059,815.91027832,927.768920898,843.874938965,1420892754,229152
843.874938965,421.114959717,506.653930664,860.324707031,1420892754,229152
801.105407715,868.549621582,875.129516602,829.070068359,1420892754,229152
781.365661621,973.828369141,1033.04760742,771.495788574,1420892754,229153
804.395385742,131.598434448,269.776763916,857.034729004,1420892754,229153
799.460449219,315.836212158,585.612976074,794.525512695,1420892754,229153
761.625915527,684.311828613,822.49017334,774.785766602,1420892754,229154
735.306213379,947.508666992,1006.72796631,768.205810547,1420892754,229154
773.14074707,315.836212158,480.334259033,786.300598145,1420892754,229154
778.075683594,263.196868896,506.653930664,789.590576172,1420892754,229155
763.270874023,1026.46777344,1138.32641602,753.401000977,1420892754,229155
786.300598145,710.631530762,848.809875488,763.270874023,1420892754,229155
751.75604248,263.196868896,454.014587402,786.300598145,1420892754,229156
787.945556641,184.237792969,454.014587402,809.330322266,1420892754,229156
806.040344238,503.363983154,708.98651123,761.625915527,1420892754,229157
763.270874023,1292.95458984,1235.38024902,753.401000977,1420892754,304143
769.850830078,1161.3560791,1103.78186035,728.726318359,1420892754,304144
810.975280762,477.044311523,498.429046631,792.880554199,1420892754,304149
792.880554199,871.839599609,893.224304199,781.365661621,1420892754,304159
817.555236816,792.880554199,893.224304199,774.785766602,1420892754,304167
832.360046387,1319.27429199,1261.69995117,784.655639648,1420892754,304172
806.040344238,1161.3560791,1024.82275391,789.590576172,1420892754,304177
894.86932373,134.888381958,103.633758545,866.904663086,1420892754,304185
843.874938965,1635.11047363,1682.81494141,801.105407715,1420892754,304191
870.194580078,1003.43798828,840.584960938,827.425109863,1420892754,304199
884.999450684,687.601806641,761.625915527,873.484558105,1420892754,304204
853.744812012,687.601806641,656.347167969,870.194580078,1420892754,304211
870.194580078,477.044311523,577.388122559,861.969726562,1420892754,304215
838.940002441,1371.91357422,1209.06054688,806.040344238,1420892754,304223
825.780151367,1187.67578125,1077.4621582,799.460449219,1420892754,304230
840.584960938,766.560852051,761.625915527,812.620300293,1420892754,304234
825.780151367,582.323059082,603.707763672,804.395385742,1420892754,379141
806.040344238,898.159240723,866.904663086,794.525512695,1420892754,379142
814.265258789,1398.23327637,1103.78186035,778.075683594,1420892754,379143
822.49017334,1213.9954834,998.503051758,799.460449219,1420892754,379143
834.005004883,1161.3560791,1024.82275391,781.365661621,1420892754,379143
834.005004883,819.200195312,682.666870117,829.070068359,1420892754,379144
852.09979248,792.880554199,682.666870117,852.09979248,1420892754,379144
827.425109863,1003.43798828,787.945556641,843.874938965,1420892754,379144
857.034729004,1135.03637695,919.544006348,855.389770508,1420892754,379145
829.070068359,1635.11047363,1393.29833984,787.945556641,1420892754,379145
852.09979248,1371.91357422,1077.4621582,807.68536377,1420892754,379146
906.384155273,1108.71679688,919.544006348,865.259643555,1420892754,379146
932.703857422,740.241149902,682.666870117,876.774536133,1420892754,379146
894.86932373,1108.71679688,972.183410645,870.194580078,1420892754,379146
873.484558105,1266.6348877,1077.4621582,829.070068359,1420892754,379147
883.354431152,1108.71679688,919.544006348,855.389770508,1420892754,379147
837.29498291,792.880554199,551.06842041,842.229919434,1420892754,457882
916.25402832,740.241149902,656.347167969,888.289367676,1420892754,457884
842.229919434,1635.11047363,1182.74084473,835.650024414,1420892754,457885
889.934387207,424.404937744,129.953445435,891.579345703,1420892754,457885
870.194580078,1529.83166504,1288.01965332,845.519897461,1420892754,457885
888.289367676,898.159240723,603.707763672,855.389770508,1420892754,457886
909.674133301,792.880554199,656.347167969,898.159240723,1420892754,457886
870.194580078,1682.81494141,1393.29833984,832.360046387,1420892754,457886
881.709472656,1261.69995117,919.544006348,838.940002441,1420892754,457887
891.579345703,577.388122559,445.789672852,881.709472656,1420892754,457887
898.159240723,787.945556641,656.347167969,881.709472656,1420892754,457887
894.86932373,735.306213379,603.707763672,891.579345703,1420892754,457888
853.744812012,893.224304199,656.347167969,865.259643555,1420892754,457888
832.360046387,1577.53613281,1235.38024902,809.330322266,1420892754,457888
865.259643555,735.306213379,551.06842041,815.91027832,1420892754,457889
875.129516602,735.306213379,551.06842041,835.650024414,1420892754,457889
908.029174805,1156.42114258,893.224304199,845.519897461,1420892754,537902
873.484558105,1630.17553711,1261.69995117,842.229919434,1420892754,537904
866.904663086,893.224304199,603.707763672,871.839599609,1420892754,537906
906.384155273,577.388122559,445.789672852,898.159240723,1420892754,537906
889.934387207,1366.9786377,1130.10144043,868.549621582,1420892754,537906
919.544006348,1366.9786377,1103.78186035,875.129516602,1420892754,537906
934.348815918,1419.61804199,1051.14245605,875.129516602,1420892754,537907
975.473327637,682.666870117,472.109344482,947.508666992,1420892754,537907
911.319091797,1103.78186035,893.224304199,888.289367676,1420892754,537907
917.899047852,1209.06054688,972.183410645,845.519897461,1420892754,537908
903.094238281,1156.42114258,840.584960938,868.549621582,1420892754,537908
888.289367676,682.666870117,419.470001221,888.289367676,1420892754,537908
893.224304199,524.748718262,419.470001221,868.549621582,1420892754,537909
825.780151367,1209.06054688,972.183410645,829.070068359,1420892754,537909
838.940002441,1524.89672852,1209.06054688,779.720703125,1420892754,537909
857.034729004,998.503051758,656.347167969,819.200195312,1420892754,537910
878.419494629,1024.82275391,708.98651123,881.709472656,1420892754,597883
876.774536133,1235.38024902,893.224304199,838.940002441,1420892754,597885
850.454833984,1235.38024902,893.224304199,838.940002441,1420892754,597886
880.064453125,814.265258789,498.429046631,861.969726562,1420892754,597886
840.584960938,1051.14245605,761.625915527,829.070068359,1420892754,597887
865.259643555,761.625915527,472.109344482,835.650024414,1420892754,597887
845.519897461,1682.81494141,1314.3392334,809.330322266,1420892754,597887
806.040344238,1419.61804199,945.863708496,773.14074707,1420892754,597888
829.070068359,1024.82275391,551.06842041,802.750427246,1420892754,597888
806.040344238,1024.82275391,630.02746582,786.300598145,1420892754,597889
748.466064453,1340.65893555,840.584960938,750.111022949,1420892754,597890
791.235534668,1288.01965332,840.584960938,773.14074707,1420892754,597890
801.105407715,1024.82275391,656.347167969,763.270874023,1420892754,597891
804.395385742,761.625915527,366.830627441,789.590576172,1420892754,597891
735.306213379,945.863708496,603.707763672,756.690979004,1420892754,597891
708.98651123,1419.61804199,972.183410645,713.921447754,1420892754,597892
662.927062988,1603.85583496,998.503051758,659.637145996,1420892754,669143
708.98651123,708.98651123,261.551879883,664.57208252,1420892754,669145
689.246765137,1156.42114258,708.98651123,644.832275391,1420892754,669146
669.507019043,1024.82275391,524.748718262,662.927062988,1420892754,669146
669.507019043,919.544006348,472.109344482,676.086914062,1420892754,669146
662.927062988,1656.49523926,1103.78186035,621.80255127,1420892754,669147
708.98651123,761.625915527,235.232192993,676.086914062,1420892754,669147
656.347167969,1156.42114258,682.666870117,690.891723633,1420892754,669147
643.187316895,1682.81494141,1314.3392334,623.447570801,1420892754,669147
708.98651123,524.748718262,340.510925293,651.412231445,1420892754,669148
781.365661621,445.789672852,340.510925293,704.051574707,1420892754,669148
748.466064453,524.748718262,472.109344482,717.211425781,1420892754,669148
728.726318359,1209.06054688,1024.82275391,736.951171875,1420892754,669149
768.205810547,1024.82275391,735.306213379,740.241149902,1420892754,669149
774.785766602,577.388122559,419.470001221,763.270874023,1420892754,669149
820.845214844,498.429046631,419.470001221,787.945556641,1420892754,669149
807.68536377,498.429046631,366.830627441,807.68536377,1420892754,740443
761.625915527,1340.65893555,945.863708496,778.075683594,1420892754,740444
817.555236816,1340.65893555,945.863708496,784.655639648,1420892754,740446
889.934387207,498.429046631,261.551879883,834.005004883,1420892754,740446
860.324707031,708.98651123,630.02746582,850.454833984,1420892754,740446
850.454833984,1130.10144043,945.863708496,834.005004883,1420892754,740447
840.584960938,1130.10144043,840.584960938,860.324707031,1420892754,740447
889.934387207,1130.10144043,893.224304199,860.324707031,1420892754,740447
916.25402832,498.429046631,419.470001221,873.484558105,1420892754,740448
840.584960938,1130.10144043,1051.14245605,834.005004883,1420892754,740448
899.804260254,498.429046631,366.830627441,876.774536133,1420892754,740449
899.804260254,1340.65893555,1103.78186035,880.064453125,1420892754,740449
968.893432617,77.3140792847,0.0,965.60345459,1420892754,740449
952.443603516,1130.10144043,1000.14807129,912.964111328,1420892754,740450
889.934387207,1130.10144043,1000.14807129,860.324707031,1420892754,740450
876.774536133,498.429046631,526.393737793,896.514282227,1420892754,740450
942.573730469,551.06842041,579.033081055,935.993835449,1420892754,816813
942.573730469,708.98651123,684.311828613,929.413879395,1420892754,816814
889.934387207,498.429046631,579.033081055,889.934387207,1420892754,816815
916.25402832,498.429046631,579.033081055,922.833984375,1420892754,816815
889.934387207,919.544006348,1000.14807129,916.25402832,1420892754,816815
968.893432617,24.6747055054,210.557479858,968.893432617,1420892754,816816
916.25402832,866.904663086,947.508666992,916.25402832,1420892754,816816
876.774536133,498.429046631,473.754333496,876.774536133,1420892754,816816
903.094238281,287.871551514,473.754333496,896.514282227,1420892754,816816
863.614685059,761.625915527,736.951171875,857.034729004,1420892754,816817
903.094238281,235.232192993,421.114959717,909.674133301,1420892754,816817
837.29498291,1182.74084473,1158.06616211,850.454833984,1420892754,816817
863.614685059,0.0,52.6393699646,889.934387207,1420892754,816818
863.614685059,789.590576172,789.590576172,889.934387207,1420892754,816818
863.614685059,0.0,0.0,889.934387207,1420892754,816818
810.975280762,789.590576172,736.951171875,870.194580078,1420892754,816819
814.265258789,1013.30786133,912.964111328,786.300598145,1420892754,816819
829.070068359,986.988220215,1018.24285889,783.010620117,1420892754,899167
868.549621582,434.274810791,465.529449463,842.229919434,1420892754,899169
852.09979248,855.389770508,860.324707031,842.229919434,1420892754,899169
865.259643555,671.151977539,702.406616211,904.739196777,1420892754,899169
871.839599609,1434.42285156,1307.75939941,861.969726562,1420892754,899170
875.129516602,723.791320801,649.767211914,832.360046387,1420892754,899170
840.584960938,986.988220215,912.964111328,829.070068359,1420892754,899170
843.874938965,986.988220215,834.005004883,825.780151367,1420892754,899171
855.389770508,592.192932129,623.447570801,858.679748535,1420892754,899171
860.324707031,986.988220215,965.60345459,822.49017334,1420892754,899172
870.194580078,592.192932129,623.447570801,868.549621582,1420892754,899172
850.454833984,934.348815918,886.64440918,855.389770508,1420892754,899172
837.29498291,934.348815918,860.324707031,861.969726562,1420892754,899173
843.874938965,960.668518066,807.68536377,861.969726562,1420892754,899173
866.904663086,171.077957153,254.971954346,891.579345703,1420892754,899173
806.040344238,1539.70166016,1360.39880371,819.200195312,1420892754,899174
878.419494629,171.077957153,149.693206787,884.999450684,1420892754,964270
825.780151367,1434.42285156,1439.35778809,832.360046387,1420892754,964273
898.159240723,302.676391602,281.291625977,884.999450684,1420892754,964273
931.058898926,434.274810791,649.767211914,950.79864502,1420892754,964273
858.679748535,1329.14416504,1228.80029297,884.999450684,1420892754,964273
825.780151367,644.832275391,623.447570801,884.999450684,1420892754,964274
825.780151367,644.832275391,649.767211914,884.999450684,1420892754,964274
825.780151367,644.832275391,702.406616211,884.999450684,1420892754,964274
792.880554199,750.111022949,807.68536377,871.839599609,1420892754,964275
779.720703125,855.389770508,860.324707031,845.519897461,1420892754,964275
746.821105957,1118.58666992,1070.88220215,819.200195312,1420892754,964275
792.880554199,223.717330933,386.570373535,871.839599609,1420892754,964275
819.200195312,460.594482422,649.767211914,898.159240723,1420892754,964276
786.300598145,829.070068359,991.923156738,845.519897461,1420892754,964276
733.661254883,1144.90637207,1149.84130859,766.560852051,1420892754,964276
766.560852051,276.356689453,412.890075684,806.040344238,1420892754,964277
733.661254883,644.832275391,807.68536377,792.880554199,1420892755,36718
700.76159668,171.077957153,360.250701904,796.170471191,1420892755,36729
634.962402344,539.553527832,755.045959473,733.661254883,1420892755,36729
588.902954102,644.832275391,755.045959473,654.702148438,1420892755,36729
608.642700195,171.077957153,412.890075684,646.477294922,1420892755,36730
523.103759766,1013.30786133,1070.88220215,551.06842041,1420892755,36730
496.784057617,592.192932129,702.406616211,556.003356934,1420892755,36730
437.564758301,960.668518066,939.283752441,472.109344482,1420892755,36730
516.523803711,13.1598424911,307.611328125,528.038696289,1420892755,36731
477.044311523,1065.94726562,1228.80029297,513.233886719,1420892755,36731
490.20413208,328.996063232,491.849121094,539.553527832,1420892755,36731
444.144683838,1276.50476074,1360.39880371,521.458740234,1420892755,36732
457.304534912,381.635437012,465.529449463,556.003356934,1420892755,36732
509.943908691,381.635437012,649.767211914,560.938293457,1420892755,36732
483.624206543,644.832275391,860.324707031,500.074035645,1420892755,36732
483.624206543,855.389770508,1070.88220215,490.20413208,1420892755,36733
490.20413208,855.389770508,939.283752441,513.233886719,1420892755,116777
536.26361084,697.471679688,781.365661621,569.163208008,1420892755,116779
569.163208008,697.471679688,939.283752441,562.583251953,1420892755,116780
608.642700195,539.553527832,728.726318359,592.192932129,1420892755,116780
516.523803711,1171.22595215,1149.84130859,559.293334961,1420892755,116780
569.163208008,171.077957153,333.930999756,621.80255127,1420892755,116781
562.583251953,855.389770508,965.60345459,595.482910156,1420892755,116781
569.163208008,592.192932129,676.086914062,611.932678223,1420892755,116781
542.843505859,1118.58666992,1255.11999512,569.163208008,1420892755,116782
588.902954102,697.471679688,755.045959473,602.062805176,1420892755,116782
641.542358398,223.717330933,518.168823242,677.731872559,1420892755,116782
641.542358398,644.832275391,912.964111328,690.891723633,1420892755,116783
687.601806641,1065.94726562,1255.11999512,707.341552734,1420892755,116783
700.76159668,1171.22595215,1255.11999512,710.631530762,1420892755,116783
773.14074707,171.077957153,439.209747314,809.330322266,1420892755,116784
806.040344238,908.029174805,1149.84130859,796.170471191,1420892755,116784
881.709472656,434.274810791,728.726318359,865.259643555,1420892755,182945
848.809875488,960.668518066,1202.48059082,898.159240723,1420892755,182957
891.579345703,486.91418457,728.726318359,917.899047852,1420892755,182958
947.508666992,0.0,307.611328125,1008.3729248,1420892755,182958
924.478942871,1000.14807129,1097.2019043,998.503051758,1420892755,182958
963.958496094,526.393737793,676.086914062,1042.91748047,1420892755,182959
977.118347168,1000.14807129,1149.84130859,1024.82275391,1420892755,182959
1036.33764648,473.754333496,570.808166504,1028.1126709,1420892755,182959
983.698242188,421.114959717,623.447570801,1024.82275391,1420892755,182960
960.668518066,1052.78747559,1097.2019043,1006.72796631,1420892755,182960
957.378540039,1315.98425293,1202.48059082,993.568115234,1420892755,182960
1003.43798828,473.754333496,518.168823242,1077.4621582,1420892755,182961
1010.01794434,526.393737793,570.808166504,1080.7520752,1420892755,182961
944.218688965,1000.14807129,991.923156738,1013.30786133,1420892755,182961
927.768920898,368.475585938,465.529449463,1003.43798828,1420892755,182962
898.159240723,947.508666992,939.283752441,975.473327637,1420892755,182962
906.384155273,105.278739929,307.611328125,970.538391113,1420892755,256735
891.579345703,105.278739929,307.611328125,947.508666992,1420892755,256737
809.330322266,1158.06616211,1149.84130859,843.874938965,1420892755,256737
817.555236816,315.836212158,307.611328125,871.839599609,1420892755,256738
820.845214844,526.393737793,728.726318359,861.969726562,1420892755,256738
759.980895996,526.393737793,728.726318359,861.969726562,1420892755,256739
791.235534668,105.278739929,518.168823242,878.419494629,1420892755,256739
771.495788574,947.508666992,1149.84130859,781.365661621,1420892755,256739
847.164855957,0.0,0.0,868.549621582,1420892755,256740
804.395385742,842.229919434,1052.78747559,845.519897461,1420892755,256740
834.005004883,210.557479858,421.114959717,870.194580078,1420892755,256740
799.460449219,1052.78747559,1263.34484863,840.584960938,1420892755,256752
838.940002441,421.114959717,631.672424316,888.289367676,1420892755,256759
857.034729004,210.557479858,631.672424316,917.899047852,1420892755,256768
843.874938965,631.672424316,1052.78747559,922.833984375,1420892755,256774
827.425109863,842.229919434,1263.34484863,927.768920898,1420892755,256782
779.720703125,1026.46777344,1368.62365723,852.09979248,1420892755,322327
842.229919434,263.196868896,736.951171875,909.674133301,1420892755,322329
835.650024414,605.352783203,1105.42675781,889.934387207,1420892755,322330
850.454833984,236.877166748,842.229919434,894.86932373,1420892755,322330
843.874938965,868.549621582,1342.30395508,919.544006348,1420892755,322330
865.259643555,421.114959717,947.508666992,865.259643555,1420892755,322331
834.005004883,289.516540527,868.549621582,904.739196777,1420892755,322331
822.49017334,526.393737793,1026.46777344,888.289367676,1420892755,322331
847.164855957,421.114959717,1000.14807129,883.354431152,1420892755,322331
773.14074707,947.508666992,1315.98425293,855.389770508,1420892755,322332
886.64440918,0.0,500.074035645,904.739196777,1420892755,322332
868.549621582,500.074035645,947.508666992,880.064453125,1420892755,322332
810.975280762,552.713378906,947.508666992,898.159240723,1420892755,322333
779.720703125,1289.66455078,1473.90234375,843.874938965,1420892755,322333
817.555236816,184.237792969,473.754333496,888.289367676,1420892755,322333
827.425109863,552.713378906,921.188964844,906.384155273,1420892755,322334
843.874938965,631.672424316,947.508666992,860.324707031,1420892755,402932
863.614685059,473.754333496,868.549621582,893.224304199,1420892755,402935
822.49017334,1052.78747559,1184.38586426,893.224304199,1420892755,402935
863.614685059,0.0,289.516540527,939.283752441,1420892755,402936
812.620300293,1052.78747559,1237.02526855,886.64440918,1420892755,402936
825.780151367,710.631530762,894.86932373,893.224304199,1420892755,402936
804.395385742,1079.10705566,1210.70556641,834.005004883,1420892755,402937
832.360046387,236.877166748,421.114959717,893.224304199,1420892755,402937
829.070068359,210.557479858,552.713378906,886.64440918,1420892755,402937
792.880554199,368.475585938,657.992126465,853.744812012,1420892755,402937
756.690979004,973.828369141,1105.42675781,814.265258789,1420892755,402938
761.625915527,1052.78747559,1158.06616211,801.105407715,1420892755,402938
783.010620117,26.3196849823,289.516540527,834.005004883,1420892755,402938
727.081298828,500.074035645,789.590576172,781.365661621,1420892755,402939
733.661254883,947.508666992,1105.42675781,787.945556641,1420892755,402939
745.176086426,815.91027832,921.188964844,807.68536377,1420892755,402939
810.975280762,684.311828613,710.631530762,769.850830078,1420892755,402940
858.679748535,921.188964844,973.828369141,840.584960938,1420892755,497958
852.09979248,763.270874023,842.229919434,860.324707031,1420892755,497969
873.484558105,763.270874023,789.590576172,863.614685059,1420892755,497970
868.549621582,1052.78747559,1105.42675781,842.229919434,1420892755,497970
878.419494629,763.270874023,710.631530762,817.555236816,1420892755,497970
934.348815918,52.6393699646,263.196868896,883.354431152,1420892755,497971
903.094238281,1579.18115234,1552.8614502,835.650024414,1420892755,497971
949.153686523,52.6393699646,52.6393699646,935.993835449,1420892755,497971
906.384155273,1000.14807129,1105.42675781,912.964111328,1420892755,497972
931.058898926,973.828369141,842.229919434,931.058898926,1420892755,497972
940.928771973,1105.42675781,1184.38586426,917.899047852,1420892755,497972
947.508666992,921.188964844,894.86932373,908.029174805,1420892755,497972
1006.72796631,473.754333496,605.352783203,988.633178711,1420892755,497973
1016.59783936,500.074035645,631.672424316,980.40826416,1420892755,497973
1019.88781738,763.270874023,868.549621582,1008.3729248,1420892755,497973
1042.91748047,1552.8614502,1500.2220459,1006.72796631,1420892755,497974
1070.88220215,1000.14807129,947.508666992,1036.33764648,1420892755,560399
1123.52160645,736.951171875,736.951171875,1115.29663086,1420892755,560401
1151.48620605,1026.46777344,973.828369141,1121.87658691,1420892755,560401
1194.2557373,500.074035645,605.352783203,1164.64611816,1420892755,560402
1205.77062988,631.672424316,815.91027832,1194.2557373,1420892755,560402
1222.22033691,973.828369141,1052.78747559,1213.9954834,1420892755,560402
1205.77062988,579.033081055,631.672424316,1197.5456543,1420892755,560403
1194.2557373,842.229919434,1000.14807129,1177.8059082,1420892755,560403
1182.74084473,1658.14013672,1579.18115234,1128.45654297,1420892755,560403
1230.4453125,342.155914307,473.754333496,1194.2557373,1420892755,560404
1235.38024902,473.754333496,631.672424316,1223.86535645,1420892755,560404
1245.25012207,1026.46777344,1079.10705566,1197.5456543,1420892755,560404
1255.11999512,1000.14807129,1000.14807129,1230.4453125,1420892755,560404
1279.79467773,1000.14807129,947.508666992,1256.76501465,1420892755,560405
1340.65893555,421.114959717,579.033081055,1306.11437988,1420892755,560405
1325.85412598,473.754333496,579.033081055,1322.56420898,1420892755,560405
1297.88952637,526.393737793,631.672424316,1299.53442383,1420892755,622931
1250.18505859,1237.02526855,1210.70556641,1230.4453125,1420892755,622933
1235.38024902,842.229919434,815.91027832,1217.28540039,1420892755,622934
1253.47497559,78.9590530396,289.516540527,1223.86535645,1420892755,622934
1232.09033203,973.828369141,1079.10705566,1202.48059082,1420892755,622934
1233.73522949,894.86932373,947.508666992,1207.41552734,1420892755,622934
1190.96582031,1184.38586426,1052.78747559,1174.51599121,1420892755,622935
1174.51599121,552.713378906,526.393737793,1202.48059082,1420892755,622935
1184.38586426,657.992126465,763.270874023,1139.97143555,1420892755,622935
1182.74084473,868.549621582,894.86932373,1133.39147949,1420892755,622936
1136.68139648,1052.78747559,1000.14807129,1126.81152344,1420892755,622936
1131.74645996,368.475585938,394.795288086,1118.58666992,1420892755,622936
1139.97143555,289.516540527,500.074035645,1108.71679688,1420892755,622937
1065.94726562,763.270874023,789.590576172,1049.49743652,1420892755,622937
1021.53277588,1158.06616211,1131.74645996,988.633178711,1420892755,622937
975.473327637,684.311828613,657.992126465,986.988220215,1420892755,622937
982.053283691,500.074035645,447.434661865,957.378540039,1420892755,692983
893.224304199,657.992126465,605.352783203,870.194580078,1420892755,692985
870.194580078,815.91027832,815.91027832,837.29498291,1420892755,692985
843.874938965,763.270874023,657.992126465,807.68536377,1420892755,692985
809.330322266,605.352783203,657.992126465,827.425109863,1420892755,692986
820.845214844,657.992126465,657.992126465,801.105407715,1420892755,692986
794.525512695,921.188964844,973.828369141,723.791320801,1420892755,692986
769.850830078,894.86932373,868.549621582,718.856384277,1420892755,692987
761.625915527,210.557479858,342.155914307,740.241149902,1420892755,692987
745.176086426,1000.14807129,1026.46777344,732.016235352,1420892755,692987
753.401000977,210.557479858,289.516540527,750.111022949,1420892755,692988
751.75604248,1237.02526855,1263.34484863,727.081298828,1420892755,692988
797.815490723,631.672424316,684.311828613,773.14074707,1420892755,692988
819.200195312,605.352783203,736.951171875,792.880554199,1420892755,692989
840.584960938,684.311828613,763.270874023,835.650024414,1420892755,692989
832.360046387,1184.38586426,1184.38586426,812.620300293,1420892755,692989
904.739196777,1026.46777344,1000.14807129,848.809875488,1420892755,770436
967.248413086,657.992126465,657.992126465,921.188964844,1420892755,770438
921.188964844,842.229919434,789.590576172,884.999450684,1420892755,770438
927.768920898,631.672424316,631.672424316,878.419494629,1420892755,770438
871.839599609,947.508666992,894.86932373,838.940002441,1420892755,770439
812.620300293,473.754333496,421.114959717,809.330322266,1420892755,770439
796.170471191,447.434661865,526.393737793,789.590576172,1420892755,770439
773.14074707,447.434661865,473.754333496,799.460449219,1420892755,770440
783.010620117,1131.74645996,1105.42675781,773.14074707,1420892755,770440
806.040344238,1184.38586426,1105.42675781,773.14074707,1420892755,770440
819.200195312,789.590576172,657.992126465,822.49017334,1420892755,770441
848.809875488,289.516540527,368.475585938,835.650024414,1420892755,770441
819.200195312,1237.02526855,1158.06616211,776.430725098,1420892755,770441
891.579345703,184.237792969,236.877166748,845.519897461,1420892755,770441
865.259643555,1105.42675781,1184.38586426,806.040344238,1420892755,770442
842.229919434,105.278739929,157.918106079,832.360046387,1420892755,770442
774.785766602,1158.06616211,1263.34484863,797.815490723,1420892755,842921
774.785766602,631.672424316,631.672424316,758.3359375,1420892755,842922
781.365661621,736.951171875,842.229919434,745.176086426,1420892755,842923
796.170471191,421.114959717,526.393737793,758.3359375,1420892755,842923
817.555236816,105.278739929,473.754333496,796.170471191,1420892755,842923
751.75604248,1263.34484863,1315.98425293,738.596191406,1420892755,842924
784.655639648,631.672424316,736.951171875,764.91583252,1420892755,842924
769.850830078,1158.06616211,1263.34484863,699.116638184,1420892755,842924
783.010620117,631.672424316,684.311828613,722.146362305,1420892755,842925
764.91583252,842.229919434,1052.78747559,694.18170166,1420892755,842925
759.980895996,526.393737793,684.311828613,736.951171875,1420892755,842925
715.566467285,1158.06616211,1158.06616211,717.211425781,1420892755,842926
756.690979004,210.557479858,315.836212158,722.146362305,1420892755,842926
740.241149902,421.114959717,684.311828613,733.661254883,1420892755,842926
766.560852051,1052.78747559,1158.06616211,746.821105957,1420892755,842927
769.850830078,947.508666992,1052.78747559,741.886108398,1420892755,842927
797.815490723,763.270874023,921.188964844,758.3359375,1420892755,916843
822.49017334,368.475585938,605.352783203,773.14074707,1420892755,916845
855.389770508,684.311828613,921.188964844,784.655639648,1420892755,916845
878.419494629,710.631530762,921.188964844,822.49017334,1420892755,916846
866.904663086,842.229919434,973.828369141,802.750427246,1420892755,916846
835.650024414,657.992126465,921.188964844,814.265258789,1420892755,916846
861.969726562,736.951171875,973.828369141,843.874938965,1420892755,916847
929.413879395,631.672424316,973.828369141,934.348815918,1420892755,916847
990.278137207,868.549621582,1105.42675781,962.313476562,1420892755,916847
1000.14807129,657.992126465,868.549621582,954.088623047,1420892755,916848
1005.08300781,184.237792969,526.393737793,959.02355957,1420892755,916850
912.964111328,1184.38586426,1315.98425293,883.354431152,1420892755,916860
990.278137207,0.0,184.237792969,972.183410645,1420892755,916869
965.60345459,1210.70556641,1421.26306152,931.058898926,1420892755,916882
985.343200684,473.754333496,526.393737793,949.153686523,1420892755,916894
986.988220215,1026.46777344,1210.70556641,932.703857422,1420892755,916912
942.573730469,763.270874023,815.91027832,914.609069824,1420892755,986736
990.278137207,500.074035645,736.951171875,970.538391113,1420892755,986738
1010.01794434,657.992126465,789.590576172,985.343200684,1420892755,986738
1013.30786133,184.237792969,500.074035645,1031.40270996,1420892755,986747
1001.79302979,1079.10705566,1158.06616211,1003.43798828,1420892755,986754
1016.59783936,947.508666992,1026.46777344,993.568115234,1420892755,986763
1019.88781738,947.508666992,1026.46777344,1000.14807129,1420892755,986769
1014.95288086,579.033081055,710.631530762,991.923156738,1420892755,986776
986.988220215,1131.74645996,1263.34484863,955.733581543,1420892755,986782
1010.01794434,78.9590530396,236.877166748,982.053283691,1420892755,986787
998.503051758,526.393737793,736.951171875,972.183410645,1420892755,986792
977.118347168,763.270874023,894.86932373,926.123962402,1420892755,986801
947.508666992,0.0,315.836212158,939.283752441,1420892755,986813
878.419494629,1026.46777344,1131.74645996,850.454833984,1420892755,986820
853.744812012,763.270874023,868.549621582,827.425109863,1420892755,986826
880.064453125,447.434661865,631.672424316,845.519897461,1420892755,986837
827.425109863,261.551879883,375.055511475,852.09979248,1420892755,986849
787.945556641,998.503051758,1006.72796631,786.300598145,1420892756,62924
761.625915527,972.183410645,875.129516602,761.625915527,1420892756,62925
748.466064453,498.429046631,664.57208252,723.791320801,1420892756,62926
732.016235352,656.347167969,848.809875488,704.051574707,1420892756,62926
695.826660156,814.265258789,980.40826416,676.086914062,1420892756,62927
699.116638184,393.150299072,585.612976074,682.666870117,1420892756,62927
659.637145996,1340.65893555,1348.88391113,651.412231445,1420892756,62927
758.3359375,50.994392395,190.817718506,736.951171875,1420892756,62928
741.886108398,866.904663086,1059.36730957,718.856384277,1420892756,62928
708.98651123,1024.82275391,1059.36730957,707.341552734,1420892756,62928
718.856384277,1156.42114258,1243.60510254,712.276489258,1420892756,62929
745.176086426,393.150299072,559.293334961,723.791320801,1420892756,62929
715.566467285,919.544006348,1033.04760742,733.661254883,1420892756,62930
801.105407715,630.02746582,717.211425781,755.045959473,1420892756,62930
787.945556641,945.863708496,1112.00671387,799.460449219,1420892756,62930
804.395385742,1077.4621582,1085.68701172,781.365661621,1420892756,62931
857.034729004,235.232192993,454.014587402,834.005004883,1420892756,137926
830.715087891,1498.57714844,1682.81494141,781.365661621,1420892756,137927
949.153686523,445.789672852,840.584960938,860.324707031,1420892756,137928
909.674133301,1498.57714844,1682.81494141,847.164855957,1420892756,137928
1001.79302979,445.789672852,840.584960938,952.443603516,1420892756,137929
1041.27258301,866.904663086,1472.25744629,1018.24285889,1420892756,137929
1080.7520752,1077.4621582,1472.25744629,1044.5625,1420892756,137930
1120.23156738,445.789672852,840.584960938,1084.04199219,1420892756,137930
1093.9119873,445.789672852,840.584960938,1070.88220215,1420892756,137930
1028.1126709,866.904663086,1051.14245605,1005.08300781,1420892756,137931
1014.95288086,445.789672852,840.584960938,965.60345459,1420892756,137931
962.313476562,1498.57714844,1682.81494141,886.64440918,1420892756,137932
935.993835449,656.347167969,840.584960938,873.484558105,1420892756,137932
922.833984375,445.789672852,840.584960938,873.484558105,1420892756,137932
896.514282227,1077.4621582,1261.69995117,873.484558105,1420892756,137933
896.514282227,866.904663086,1261.69995117,886.64440918,1420892756,137933
875.129516602,1209.06054688,1366.9786377,853.744812012,1420892756,216844
937.638793945,577.388122559,972.183410645,909.674133301,1420892756,216846
960.668518066,708.98651123,1103.78186035,886.64440918,1420892756,216846
968.893432617,1103.78186035,1393.29833984,908.029174805,1420892756,216847
937.638793945,1261.69995117,1524.89672852,878.419494629,1420892756,216847
911.319091797,1051.14245605,1130.10144043,850.454833984,1420892756,216848
945.863708496,603.707763672,919.544006348,893.224304199,1420892756,216848
924.478942871,1103.78186035,1340.65893555,832.360046387,1420892756,216848
820.845214844,1103.78186035,1235.38024902,807.68536377,1420892756,216849
802.750427246,787.945556641,1051.14245605,769.850830078,1420892756,216849
802.750427246,682.666870117,919.544006348,769.850830078,1420892756,216849
799.460449219,445.789672852,814.265258789,753.401000977,1420892756,216850
819.200195312,1261.69995117,1472.25744629,745.176086426,1420892756,216850
817.555236816,1288.01965332,1419.61804199,756.690979004,1420892756,216850
834.005004883,919.544006348,1209.06054688,784.655639648,1420892756,216851
855.389770508,1182.74084473,1366.9786377,783.010620117,1420892756,216851
837.29498291,735.306213379,1077.4621582,769.850830078,1420892756,282989
759.980895996,1682.81494141,1682.81494141,746.821105957,1420892756,282990
766.560852051,945.863708496,972.183410645,741.886108398,1420892756,282991
810.975280762,682.666870117,919.544006348,759.980895996,1420892756,282991
778.075683594,1235.38024902,1314.3392334,722.146362305,1420892756,282991
756.690979004,630.02746582,814.265258789,695.826660156,1420892756,282992
748.466064453,972.183410645,1103.78186035,677.731872559,1420892756,282992
700.76159668,1077.4621582,1235.38024902,626.737487793,1420892756,282992
704.051574707,1077.4621582,1209.06054688,625.092529297,1420892756,282993
681.021850586,945.863708496,1077.4621582,648.122253418,1420892756,282993
704.051574707,1209.06054688,1340.65893555,685.956787109,1420892756,282993
713.921447754,1235.38024902,1288.01965332,695.826660156,1420892756,282994
812.620300293,393.150299072,708.98651123,750.111022949,1420892756,282994
763.270874023,1551.21643066,1656.49523926,671.151977539,1420892756,282994
741.886108398,761.625915527,893.224304199,682.666870117,1420892756,282995
740.241149902,735.306213379,945.863708496,710.631530762,1420892756,282995
704.051574707,1156.42114258,1156.42114258,651.412231445,1420892756,351765
712.276489258,735.306213379,524.748718262,657.992126465,1420892756,351767
722.146362305,1366.9786377,1156.42114258,657.992126465,1420892756,351767
802.750427246,524.748718262,314.191253662,704.051574707,1420892756,351767
799.460449219,1156.42114258,945.863708496,717.211425781,1420892756,351768
858.679748535,735.306213379,314.191253662,783.010620117,1420892756,351768
904.739196777,735.306213379,314.191253662,815.91027832,1420892756,351768
884.999450684,1366.9786377,735.306213379,802.750427246,1420892756,351769
945.863708496,735.306213379,103.633758545,855.389770508,1420892756,351769
917.899047852,1577.53613281,735.306213379,822.49017334,1420892756,351769
1023.17779541,314.191253662,0.0,914.609069824,1420892756,351770
962.313476562,1577.53613281,1263.34484863,848.809875488,1420892756,351770
983.698242188,735.306213379,210.557479858,894.86932373,1420892756,351771
967.248413086,735.306213379,421.114959717,875.129516602,1420892756,351771
955.733581543,735.306213379,421.114959717,796.170471191,1420892756,351771
947.508666992,735.306213379,421.114959717,809.330322266,1420892756,351772
881.709472656,1340.65893555,921.188964844,773.14074707,1420892756,424140
891.579345703,735.306213379,368.475585938,783.010620117,1420892756,424141
891.579345703,682.666870117,342.155914307,787.945556641,1420892756,424142
871.839599609,735.306213379,368.475585938,738.596191406,1420892756,424142
819.200195312,919.544006348,631.672424316,689.246765137,1420892756,424142
769.850830078,682.666870117,342.155914307,659.637145996,1420892756,424143
727.081298828,551.06842041,315.836212158,613.577697754,1420892756,424143
710.631530762,840.584960938,473.754333496,579.033081055,1420892756,424143
704.051574707,1051.14245605,815.91027832,541.198547363,1420892756,424144
661.282104492,972.183410645,605.352783203,539.553527832,1420892756,424144
684.311828613,419.470001221,210.557479858,549.423461914,1420892756,424144
644.832275391,261.551879883,78.9590530396,557.64831543,1420892756,424145
605.352783203,603.707763672,421.114959717,505.008972168,1420892756,424145
648.122253418,866.904663086,631.672424316,528.038696289,1420892756,424145
667.861999512,682.666870117,579.033081055,552.713378906,1420892756,424146
694.18170166,945.863708496,579.033081055,554.358398438,1420892756,424146
681.021850586,735.306213379,473.754333496,551.06842041,1420892756,501738
641.542358398,1103.78186035,842.229919434,498.429046631,1420892756,501740
720.501403809,577.388122559,368.475585938,556.003356934,1420892756,501740
707.341552734,787.945556641,579.033081055,539.553527832,1420892756,501740
707.341552734,103.633758545,0.0,559.293334961,1420892756,501741
641.542358398,682.666870117,526.393737793,554.358398438,1420892756,501741
641.542358398,998.503051758,736.951171875,511.588897705,1420892756,501741
641.542358398,945.863708496,736.951171875,498.429046631,1420892756,501742
641.542358398,893.224304199,579.033081055,521.458740234,1420892756,501742
733.661254883,103.633758545,52.6393699646,579.033081055,1420892756,501742
654.702148438,1366.9786377,1105.42675781,528.038696289,1420892756,501743
694.18170166,1051.14245605,684.311828613,572.453186035,1420892756,501743
746.821105957,630.02746582,473.754333496,593.837890625,1420892756,501743
707.341552734,1261.69995117,947.508666992,554.358398438,1420892756,501744
733.661254883,314.191253662,105.278739929,579.033081055,1420892756,501744
681.021850586,998.503051758,736.951171875,570.808166504,1420892756,501744
654.702148438,998.503051758,736.951171875,544.488464355,1420892756,572943
720.501403809,366.830627441,315.836212158,583.968017578,1420892756,572944
694.18170166,1209.06054688,947.508666992,551.06842041,1420892756,572945
746.821105957,577.388122559,315.836212158,577.388122559,1420892756,572945
707.341552734,1419.61804199,1052.78747559,511.588897705,1420892756,572945
759.980895996,156.273132324,0.0,544.488464355,1420892756,572946
667.861999512,998.503051758,894.86932373,498.429046631,1420892756,572946
628.382507324,787.945556641,684.311828613,439.209747314,1420892756,572946
602.062805176,787.945556641,579.033081055,432.629821777,1420892756,572947
536.26361084,1419.61804199,1052.78747559,379.990447998,1420892756,572947
615.22265625,366.830627441,105.278739929,419.470001221,1420892756,572947
549.423461914,1209.06054688,947.508666992,340.510925293,1420892756,572948
483.624206543,1419.61804199,947.508666992,307.611328125,1420892756,572948
536.26361084,998.503051758,789.590576172,327.351074219,1420892756,572948
575.743103027,998.503051758,894.86932373,327.351074219,1420892756,572948
536.26361084,998.503051758,894.86932373,320.771179199,1420892756,572949
422.75994873,0.0,36.1895675659,407.95513916,1420892756,572950
409.600097656,1052.78747559,1141.61633301,376.700500488,1420892756,646768
389.860351562,815.91027832,799.460449219,371.765563965,1420892756,646769
393.150299072,763.270874023,931.058898926,378.345489502,1420892756,646770
421.114959717,736.951171875,878.419494629,363.540649414,1420892756,646770
399.730224609,815.91027832,1010.01794434,388.215362549,1420892756,646770
454.014587402,789.590576172,983.698242188,399.730224609,1420892756,646771
455.659545898,947.508666992,1167.93603516,427.694885254,1420892756,646771
462.239471436,763.270874023,931.058898926,444.144683838,1420892756,646771
457.304534912,736.951171875,983.698242188,440.854736328,1420892756,646772
473.754333496,789.590576172,931.058898926,455.659545898,1420892756,646772
521.458740234,447.434661865,720.501403809,480.334259033,1420892756,646772
532.973632812,1105.42675781,1352.17382812,452.369598389,1420892756,646773
518.168823242,868.549621582,1010.01794434,458.949523926,1420892756,646773
542.843505859,315.836212158,667.861999512,521.458740234,1420892756,646773
547.778442383,736.951171875,1036.33764648,514.878845215,1420892756,646774
559.293334961,263.196868896,588.902954102,556.003356934,1420892756,646775
598.772827148,894.86932373,1246.8951416,569.163208008,1420892756,717900
572.453186035,1184.38586426,1431.13293457,529.683654785,1420892756,717910
638.252380371,394.795288086,773.14074707,595.482910156,1420892756,717911
677.731872559,394.795288086,825.780151367,634.962402344,1420892756,717911
664.57208252,789.590576172,1167.93603516,634.962402344,1420892756,717911
704.051574707,157.918106079,588.902954102,687.601806641,1420892756,717912
638.252380371,1210.70556641,1536.41162109,634.962402344,1420892756,717912
690.891723633,605.352783203,852.09979248,674.441955566,1420892756,717913
769.850830078,0.0,483.624206543,753.401000977,1420892756,717913
730.371276855,1500.2220459,1682.81494141,727.081298828,1420892756,717913
796.170471191,1237.02526855,1314.3392334,792.880554199,1420892756,717914
848.809875488,684.311828613,866.904663086,845.519897461,1420892756,717914
861.969726562,842.229919434,998.503051758,845.519897461,1420892756,717914
861.969726562,947.508666992,1051.14245605,845.519897461,1420892756,717915
861.969726562,868.549621582,1051.14245605,845.519897461,1420892756,717915
901.44921875,789.590576172,945.863708496,884.999450684,1420892756,717915
931.058898926,552.713378906,787.945556641,916.25402832,1420892756,796688
906.384155273,342.155914307,630.02746582,903.094238281,1420892756,796690
855.389770508,1026.46777344,1235.38024902,866.904663086,1420892756,796690
840.584960938,1158.06616211,1261.69995117,825.780151367,1420892756,796691
880.064453125,500.074035645,708.98651123,868.549621582,1420892756,796691
924.478942871,842.229919434,1077.4621582,881.709472656,1420892756,796691
935.993835449,736.951171875,1024.82275391,896.514282227,1420892756,796692
909.674133301,842.229919434,1130.10144043,906.384155273,1420892756,796692
893.224304199,789.590576172,1051.14245605,914.609069824,1420892756,796692
870.194580078,815.91027832,998.503051758,888.289367676,1420892756,796693
903.094238281,289.516540527,656.347167969,896.514282227,1420892756,796693
873.484558105,1605.50085449,1682.81494141,873.484558105,1420892756,796693
959.02355957,315.836212158,498.429046631,939.283752441,1420892756,796693
939.283752441,657.992126465,866.904663086,942.573730469,1420892756,796694
947.508666992,394.795288086,603.707763672,942.573730469,1420892756,796694
942.573730469,1158.06616211,1235.38024902,916.25402832,1420892756,796694
883.354431152,1237.02526855,1209.06054688,903.094238281,1420892756,865531
929.413879395,657.992126465,761.625915527,932.703857422,1420892756,865533
929.413879395,815.91027832,893.224304199,927.768920898,1420892756,865534
889.934387207,657.992126465,735.306213379,909.674133301,1420892756,865534
909.674133301,684.311828613,893.224304199,873.484558105,1420892756,865535
889.934387207,1052.78747559,1182.74084473,829.070068359,1420892756,865535
863.614685059,368.475585938,577.388122559,832.360046387,1420892756,865535
830.715087891,973.828369141,1103.78186035,809.330322266,1420892756,865536
857.034729004,236.877166748,445.789672852,858.679748535,1420892756,865536
810.975280762,1421.26306152,1577.53613281,807.68536377,1420892756,865537
870.194580078,236.877166748,393.150299072,830.715087891,1420892756,865537
837.29498291,157.918106079,551.06842041,806.040344238,1420892756,865537
738.596191406,1079.10705566,1156.42114258,743.53112793,1420892756,865538
718.856384277,1079.10705566,1130.10144043,723.791320801,1420892756,865538
784.655639648,710.631530762,919.544006348,733.661254883,1420892756,865539
850.454833984,473.754333496,787.945556641,771.495788574,1420892756,865541
745.176086426,1105.42675781,1182.74084473,718.856384277,1420892756,938000
778.075683594,52.6393699646,156.273132324,764.91583252,1420892756,938002
761.625915527,947.508666992,1235.38024902,741.886108398,1420892756,938002
787.945556641,894.86932373,919.544006348,761.625915527,1420892756,938002
820.845214844,421.114959717,656.347167969,774.785766602,1420892756,938003
794.525512695,894.86932373,998.503051758,784.655639648,1420892756,938003
774.785766602,842.229919434,840.584960938,761.625915527,1420892756,938004
830.715087891,842.229919434,893.224304199,787.945556641,1420892756,938004
834.005004883,1052.78747559,1077.4621582,778.075683594,1420892756,938004
755.045959473,1263.34484863,1103.78186035,715.566467285,1420892756,938005
787.945556641,631.672424316,603.707763672,755.045959473,1420892756,938005
738.596191406,1210.70556641,1156.42114258,708.98651123,1420892756,938005
755.045959473,421.114959717,393.150299072,741.886108398,1420892756,938006
685.956787109,1631.82055664,1472.25744629,659.637145996,1420892756,938006
689.246765137,684.311828613,498.429046631,659.637145996,1420892756,938007
666.217041016,947.508666992,893.224304199,633.317443848,1420892756,938007
654.702148438,1210.70556641,945.863708496,625.092529297,1420892757,16766
644.832275391,684.311828613,708.98651123,653.057189941,1420892757,16767
587.257995605,1158.06616211,945.863708496,593.837890625,1420892757,16768
598.772827148,421.114959717,498.429046631,593.837890625,1420892757,16768
572.453186035,1210.70556641,1077.4621582,521.458740234,1420892757,16769
620.157592773,105.278739929,129.953445435,562.583251953,1420892757,16769
541.198547363,1263.34484863,1209.06054688,495.139068604,1420892757,16769
524.748718262,526.393737793,498.429046631,503.363983154,1420892757,16770
493.494110107,789.590576172,866.904663086,485.269195557,1420892757,16770
505.008972168,1158.06616211,1103.78186035,485.269195557,1420892757,16770
549.423461914,315.836212158,314.191253662,514.878845215,1420892757,16771
572.453186035,315.836212158,498.429046631,541.198547363,1420892757,16771
509.943908691,1105.42675781,1024.82275391,498.429046631,1420892757,16772
556.003356934,579.033081055,603.707763672,519.813781738,1420892757,16772
532.973632812,631.672424316,735.306213379,509.943908691,1420892757,16772
537.908569336,684.311828613,761.625915527,498.429046631,1420892757,16773
528.038696289,1052.78747559,1077.4621582,465.529449463,1420892757,85526
509.943908691,473.754333496,577.388122559,491.849121094,1420892757,85529
509.943908691,579.033081055,603.707763672,501.718994141,1420892757,85529
513.233886719,842.229919434,814.265258789,468.819396973,1420892757,85530
505.008972168,368.475585938,445.789672852,495.139068604,1420892757,85530
511.588897705,1158.06616211,1103.78186035,445.789672852,1420892757,85530
537.908569336,736.951171875,682.666870117,478.68927002,1420892757,85531
501.718994141,579.033081055,682.666870117,485.269195557,1420892757,85531
518.168823242,579.033081055,656.347167969,488.559173584,1420892757,85532
569.163208008,1210.70556641,1314.3392334,511.588897705,1420892757,85532
643.187316895,736.951171875,787.945556641,587.257995605,1420892757,85533
768.205810547,315.836212158,551.06842041,676.086914062,1420892757,85533
774.785766602,789.590576172,945.863708496,692.536743164,1420892757,85533
728.726318359,789.590576172,893.224304199,705.696594238,1420892757,85534
748.466064453,1105.42675781,1024.82275391,708.98651123,1420892757,85534
804.395385742,157.918106079,261.551879883,791.235534668,1420892757,85536
830.715087891,1000.14807129,1051.14245605,787.945556641,1420892757,158712
875.129516602,315.836212158,419.470001221,806.040344238,1420892757,158714
853.744812012,842.229919434,893.224304199,825.780151367,1420892757,158714
838.940002441,684.311828613,630.02746582,784.655639648,1420892757,158715
835.650024414,789.590576172,735.306213379,789.590576172,1420892757,158715
850.454833984,368.475585938,366.830627441,814.265258789,1420892757,158715
863.614685059,736.951171875,735.306213379,802.750427246,1420892757,158716
860.324707031,1052.78747559,893.224304199,792.880554199,1420892757,158716
880.064453125,157.918106079,261.551879883,806.040344238,1420892757,158717
820.845214844,842.229919434,787.945556641,801.105407715,1420892757,158717
799.460449219,894.86932373,893.224304199,796.170471191,1420892757,158717
786.300598145,894.86932373,893.224304199,758.3359375,1420892757,158718
832.360046387,315.836212158,366.830627441,787.945556641,1420892757,158718
797.815490723,789.590576172,787.945556641,735.306213379,1420892757,158718
801.105407715,263.196868896,366.830627441,756.690979004,1420892757,158719
796.170471191,789.590576172,840.584960938,779.720703125,1420892757,158719
852.09979248,820.845214844,858.679748535,814.265258789,1420892757,162959
904.739196777,399.730224609,569.163208008,860.324707031,1420892757,237986
904.739196777,557.64831543,727.081298828,873.484558105,1420892757,237987
878.419494629,978.763305664,1016.59783936,847.164855957,1420892757,237988
832.360046387,1399.8782959,1279.79467773,807.68536377,1420892757,237988
871.839599609,399.730224609,411.24508667,860.324707031,1420892757,237988
852.09979248,557.64831543,595.482910156,847.164855957,1420892757,237989
779.720703125,662.927062988,753.401000977,768.205810547,1420892757,237989
786.300598145,505.008972168,700.76159668,774.785766602,1420892757,237989
792.880554199,505.008972168,674.441955566,774.785766602,1420892757,237990
792.880554199,978.763305664,1042.91748047,787.945556641,1420892757,237990
891.579345703,136.533370972,384.925415039,880.064453125,1420892757,237990
832.360046387,1031.40270996,1227.15539551,794.525512695,1420892757,237991
852.09979248,926.123962402,884.999450684,794.525512695,1420892757,237991
904.739196777,452.369598389,542.843505859,860.324707031,1420892757,237991
871.839599609,1189.32080078,1279.79467773,820.845214844,1420892757,237992
904.739196777,610.287719727,621.80255127,866.904663086,1420892757,237992
852.09979248,610.287719727,753.401000977,866.904663086,1420892757,306702
878.419494629,1031.40270996,937.638793945,847.164855957,1420892757,306703
891.579345703,452.369598389,542.843505859,886.64440918,1420892757,306703
825.780151367,820.845214844,753.401000977,814.265258789,1420892757,306704
878.419494629,452.369598389,569.163208008,847.164855957,1420892757,306704
878.419494629,820.845214844,858.679748535,853.744812012,1420892757,306704
917.899047852,136.533370972,148.048233032,899.804260254,1420892757,306704
865.259643555,1294.5994873,1200.83569336,834.005004883,1420892757,306705
878.419494629,294.451477051,227.007293701,834.005004883,1420892757,306705
825.780151367,1347.2388916,1200.83569336,768.205810547,1420892757,306705
931.058898926,241.812103271,200.687606812,866.904663086,1420892757,306706
957.378540039,768.205810547,753.401000977,932.703857422,1420892757,306706
1010.01794434,1031.40270996,911.319091797,965.60345459,1420892757,306706
1010.01794434,1189.32080078,1016.59783936,998.503051758,1420892757,306706
1010.01794434,873.484558105,595.482910156,1011.66290283,1420892757,306708
1049.49743652,83.8939971924,69.0891723633,1031.40270996,1420892757,306708
1026.46777344,610.287719727,595.482910156,1037.98254395,1420892757,383020
1039.62756348,926.123962402,806.040344238,1024.82275391,1420892757,383021
1065.94726562,1347.2388916,1174.51599121,998.503051758,1420892757,383021
1135.03637695,189.172744751,227.007293701,1070.88220215,1420892757,383022
1112.00671387,820.845214844,806.040344238,1103.78186035,1420892757,383022
1167.93603516,294.451477051,332.28604126,1143.26135254,1420892757,383022
1105.42675781,820.845214844,806.040344238,1090.62194824,1420892757,383023
1095.55688477,926.123962402,806.040344238,1064.30224609,1420892757,383023
1194.2557373,0.0,0.0,1130.10144043,1420892757,383023
1092.26696777,1158.06616211,1158.06616211,1077.4621582,1420892757,383024
1112.00671387,1158.06616211,1000.14807129,1090.62194824,1420892757,383024
1085.68701172,842.229919434,684.311828613,1057.72241211,1420892757,383024
1098.84692383,631.672424316,526.393737793,1051.14245605,1420892757,383025
1082.39709473,1473.90234375,1210.70556641,1024.82275391,1420892757,383025
1108.71679688,421.114959717,210.557479858,1090.62194824,1420892757,383025
1056.07739258,1579.18115234,1315.98425293,1044.5625,1420892757,383025
1105.42675781,605.352783203,342.155914307,1044.5625,1420892757,449212
1095.55688477,1000.14807129,842.229919434,1044.5625,1420892757,449214
1026.46777344,1026.46777344,657.992126465,991.923156738,1420892757,449214
1046.20751953,868.549621582,684.311828613,1018.24285889,1420892757,449214
1039.62756348,1682.81494141,1237.02526855,991.923156738,1420892757,449215
1154.77624512,287.871551514,131.598434448,1097.2019043,1420892757,449215
1138.32641602,1630.17553711,1368.62365723,1044.5625,1420892757,449215
1187.67578125,972.183410645,657.992126465,1097.2019043,1420892757,449216
1138.32641602,1235.38024902,947.508666992,1097.2019043,1420892757,449216
1135.03637695,1261.69995117,921.188964844,1044.5625,1420892757,449216
1161.3560791,340.510925293,157.918106079,1097.2019043,1420892757,449217
1069.23718262,1366.9786377,1131.74645996,1018.24285889,1420892757,449217
1065.94726562,1366.9786377,947.508666992,991.923156738,1420892757,449217
1039.62756348,814.265258789,605.352783203,991.923156738,1420892757,449218
970.538391113,1024.82275391,763.270874023,939.283752441,1420892757,449218
911.319091797,630.02746582,447.434661865,860.324707031,1420892757,449218
871.839599609,1103.78186035,842.229919434,853.744812012,1420892757,525478
825.780151367,1103.78186035,736.951171875,827.425109863,1420892757,525479
871.839599609,893.224304199,710.631530762,847.164855957,1420892757,525480
838.940002441,998.503051758,763.270874023,794.525512695,1420892757,525480
858.679748535,419.470001221,263.196868896,834.005004883,1420892757,525481
779.720703125,1630.17553711,1289.66455078,741.886108398,1420892757,525481
766.560852051,840.584960938,473.754333496,735.306213379,1420892757,525481
766.560852051,735.306213379,526.393737793,735.306213379,1420892757,525482
733.661254883,1577.53613281,1263.34484863,669.507019043,1420892757,525482
713.921447754,1472.25744629,1105.42675781,669.507019043,1420892757,525482
681.021850586,787.945556641,447.434661865,702.406616211,1420892757,525483
681.021850586,998.503051758,763.270874023,669.507019043,1420892757,525483
634.962402344,1314.3392334,894.86932373,603.707763672,1420892757,525484
654.702148438,314.191253662,78.9590530396,610.287719727,1420892757,525484
575.743103027,1630.17553711,1342.30395508,524.748718262,1420892757,525485
595.482910156,524.748718262,236.877166748,557.64831543,1420892757,525486
585.612976074,1366.9786377,1184.38586426,544.488464355,1420892757,597952
648.122253418,735.306213379,447.434661865,587.257995605,1420892757,597954
661.282104492,945.863708496,868.549621582,616.867614746,1420892757,597955
611.932678223,945.863708496,710.631530762,593.837890625,1420892757,597955
585.612976074,735.306213379,605.352783203,603.707763672,1420892757,597955
572.453186035,1366.9786377,1079.10705566,541.198547363,1420892757,597955
585.612976074,524.748718262,342.155914307,574.098144531,1420892757,597956
509.943908691,1366.9786377,1079.10705566,481.979248047,1420892757,597956
556.003356934,314.191253662,0.0,511.588897705,1420892757,597956
509.943908691,1366.9786377,1210.70556641,478.68927002,1420892757,597957
579.033081055,1366.9786377,947.508666992,518.168823242,1420892757,597957
575.743103027,1366.9786377,1158.06616211,488.559173584,1420892757,597957
592.192932129,735.306213379,526.393737793,521.458740234,1420892757,597958
565.87322998,1156.42114258,1000.14807129,551.06842041,1420892757,597958
579.033081055,524.748718262,421.114959717,541.198547363,1420892757,597958
625.092529297,524.748718262,473.754333496,583.968017578,1420892757,597959
565.87322998,1524.89672852,1210.70556641,531.328674316,1420892757,669237
618.512634277,472.109344482,342.155914307,597.127868652,1420892757,669239
631.672424316,1366.9786377,1184.38586426,597.127868652,1420892757,669239
684.311828613,998.503051758,842.229919434,636.607421875,1420892757,669240
723.791320801,1209.06054688,1052.78747559,676.086914062,1420892757,669240
789.590576172,682.666870117,500.074035645,689.246765137,1420892757,669240
809.330322266,945.863708496,894.86932373,741.886108398,1420892757,669241
776.430725098,1103.78186035,842.229919434,741.886108398,1420892757,669241
829.070068359,208.912506104,289.516540527,794.525512695,1420892757,669241
763.270874023,1524.89672852,1368.62365723,755.045959473,1420892757,669241
842.229919434,103.633758545,0.0,834.005004883,1420892757,669242
829.070068359,1261.69995117,1263.34484863,794.525512695,1420892757,669242
835.650024414,1366.9786377,1158.06616211,794.525512695,1420892757,669242
868.549621582,893.224304199,815.91027832,834.005004883,1420892757,669243
881.709472656,840.584960938,763.270874023,847.164855957,1420892757,669243
855.389770508,1314.3392334,1131.74645996,820.845214844,1420892757,669243
881.709472656,261.551879883,289.516540527,837.29498291,1420892757,740413
832.360046387,1314.3392334,1237.02526855,781.365661621,1420892757,740415
792.880554199,1103.78186035,815.91027832,758.3359375,1420892757,740415
786.300598145,472.109344482,394.795288086,774.785766602,1420892757,740415
710.631530762,1314.3392334,1131.74645996,662.927062988,1420892757,740415
671.151977539,682.666870117,605.352783203,662.927062988,1420892757,740416
648.122253418,1314.3392334,1237.02526855,623.447570801,1420892757,740416
674.441955566,472.109344482,500.074035645,649.767211914,1420892757,740416
681.021850586,472.109344482,605.352783203,676.086914062,1420892757,740417
651.412231445,1524.89672852,1447.5826416,603.707763672,1420892757,740417
684.311828613,1103.78186035,921.188964844,636.607421875,1420892757,740417
727.081298828,893.224304199,815.91027832,702.406616211,1420892757,740418
753.401000977,1524.89672852,1342.30395508,728.726318359,1420892757,740418
825.780151367,893.224304199,815.91027832,797.815490723,1420892757,740418
835.650024414,893.224304199,815.91027832,797.815490723,1420892757,740419
769.850830078,1103.78186035,815.91027832,758.3359375,1420892757,740419
893.224304199,263.196868896,378.345489502,898.159240723,1420892757,745420
866.904663086,1105.42675781,1062.65734863,876.774536133,1420892757,821667
894.86932373,1105.42675781,1010.01794434,903.094238281,1420892757,821669
909.674133301,789.590576172,694.18170166,880.064453125,1420892757,821669
944.218688965,52.6393699646,273.066741943,924.478942871,1420892757,821670
921.188964844,684.311828613,852.09979248,883.354431152,1420892757,821670
931.058898926,684.311828613,852.09979248,899.804260254,1420892757,821670
932.703857422,684.311828613,957.378540039,921.188964844,1420892757,821670
985.343200684,52.6393699646,273.066741943,955.733581543,1420892757,821671
970.538391113,157.918106079,430.984863281,934.348815918,1420892757,821671
927.768920898,368.475585938,641.542358398,937.638793945,1420892757,821671
954.088623047,1105.42675781,1220.57543945,957.378540039,1420892757,821672
960.668518066,368.475585938,483.624206543,963.958496094,1420892757,821672
991.923156738,263.196868896,483.624206543,986.988220215,1420892757,821672
977.118347168,789.590576172,904.739196777,940.928771973,1420892757,821672
1023.17779541,0.0,9.86988162994,1021.53277588,1420892757,821673
963.958496094,1473.90234375,1431.13293457,944.218688965,1420892757,821673
1046.20751953,263.196868896,220.427368164,1023.17779541,1420892757,892953
1062.65734863,315.836212158,536.26361084,1042.91748047,1420892757,892955
1013.30786133,1158.06616211,1115.29663086,963.958496094,1420892757,892956
1056.07739258,631.672424316,746.821105957,1046.20751953,1420892757,892956
1069.23718262,947.508666992,904.739196777,1042.91748047,1420892757,892956
1029.75769043,421.114959717,430.984863281,1056.07739258,1420892757,892957
983.698242188,842.229919434,852.09979248,1010.01794434,1420892757,892957
980.40826416,736.951171875,746.821105957,980.40826416,1420892757,892957
980.40826416,263.196868896,430.984863281,990.278137207,1420892757,892957
954.088623047,1210.70556641,1273.21484375,944.218688965,1420892757,892958
980.40826416,368.475585938,378.345489502,963.958496094,1420892757,892958
931.058898926,684.311828613,852.09979248,927.768920898,1420892757,892958
917.899047852,1105.42675781,1115.29663086,884.999450684,1420892757,892959
960.668518066,263.196868896,378.345489502,914.609069824,1420892757,892959
865.259643555,1000.14807129,1010.01794434,868.549621582,1420892757,892959
835.650024414,789.590576172,799.460449219,845.519897461,1420892757,892960
852.09979248,526.393737793,694.18170166,848.809875488,1420892757,965450
822.49017334,894.86932373,957.378540039,815.91027832,1420892757,965452
871.839599609,473.754333496,536.26361084,845.519897461,1420892757,965452
832.360046387,1000.14807129,1062.65734863,802.750427246,1420892757,965452
815.91027832,947.508666992,957.378540039,812.620300293,1420892757,965453
871.839599609,315.836212158,483.624206543,861.969726562,1420892757,965453
881.709472656,631.672424316,957.378540039,861.969726562,1420892757,965453
848.809875488,1052.78747559,1115.29663086,852.09979248,1420892757,965454
894.86932373,105.278739929,378.345489502,888.289367676,1420892757,965454
848.809875488,1263.34484863,1431.13293457,835.650024414,1420892757,965454
917.899047852,315.836212158,483.624206543,871.839599609,1420892757,965455
927.768920898,789.590576172,1062.65734863,865.259643555,1420892757,965455
931.058898926,1000.14807129,1115.29663086,875.129516602,1420892757,965455
954.088623047,315.836212158,588.902954102,963.958496094,1420892757,965457
924.478942871,842.229919434,1010.01794434,944.218688965,1420892757,965457
967.248413086,368.475585938,483.624206543,973.828369141,1420892757,965457
955.733581543,789.590576172,957.378540039,937.638793945,1420892758,47933
959.02355957,763.270874023,825.780151367,944.218688965,1420892758,47935
973.828369141,815.91027832,983.698242188,947.508666992,1420892758,47935
967.248413086,394.795288086,588.902954102,967.248413086,1420892758,47936
935.993835449,710.631530762,825.780151367,937.638793945,1420892758,47936
919.544006348,579.033081055,641.542358398,894.86932373,1420892758,47936
937.638793945,552.713378906,720.501403809,921.188964844,1420892758,47937
919.544006348,1131.74645996,1088.97692871,894.86932373,1420892758,47937
1018.24285889,52.6393699646,141.468307495,993.568115234,1420892758,47937
957.378540039,1026.46777344,1115.29663086,924.478942871,1420892758,47937
926.123962402,842.229919434,799.460449219,917.899047852,1420892758,47938
873.484558105,973.828369141,983.698242188,875.129516602,1420892758,47938
934.348815918,342.155914307,483.624206543,931.058898926,1420892758,47938
911.319091797,1105.42675781,1088.97692871,917.899047852,1420892758,47939
934.348815918,157.918106079,194.107681274,917.899047852,1420892758,47939
908.029174805,736.951171875,931.058898926,898.159240723,1420892758,47939
868.549621582,1237.02526855,1141.61633301,858.679748535,1420892758,116706
973.828369141,0.0,0.0,1003.43798828,1420892758,116707
934.348815918,1237.02526855,1289.66455078,963.958496094,1420892758,116708
960.668518066,1184.38586426,1052.78747559,1003.43798828,1420892758,116708
934.348815918,1158.06616211,1000.14807129,977.118347168,1420892758,116708
934.348815918,236.877166748,236.877166748,963.958496094,1420892758,116708
855.389770508,368.475585938,421.114959717,898.159240723,1420892758,116709
802.750427246,552.713378906,631.672424316,845.519897461,1420892758,116709
802.750427246,736.951171875,763.270874023,832.360046387,1420892758,116709
723.791320801,868.549621582,815.91027832,792.880554199,1420892758,116710
671.151977539,947.508666992,894.86932373,727.081298828,1420892758,116710
618.512634277,815.91027832,710.631530762,674.441955566,1420892758,116710
592.192932129,579.033081055,605.352783203,648.122253418,1420892758,116711
592.192932129,1421.26306152,1289.66455078,621.80255127,1420892758,116711
631.672424316,157.918106079,236.877166748,713.921447754,1420892758,116711
565.87322998,1342.30395508,1315.98425293,661.282104492,1420892758,116711
611.932678223,552.713378906,526.393737793,708.98651123,1420892758,182958
595.482910156,1184.38586426,1158.06616211,705.696594238,1420892758,182959
644.832275391,657.992126465,631.672424316,745.176086426,1420892758,182960
654.702148438,605.352783203,684.311828613,738.596191406,1420892758,182960
615.22265625,1421.26306152,1315.98425293,695.826660156,1420892758,182960
674.441955566,394.795288086,421.114959717,725.436340332,1420892758,182960
648.122253418,710.631530762,789.590576172,732.016235352,1420892758,182961
644.832275391,1000.14807129,1000.14807129,736.951171875,1420892758,182961
651.412231445,894.86932373,842.229919434,736.951171875,1420892758,182961
677.731872559,605.352783203,631.672424316,774.785766602,1420892758,182962
677.731872559,1315.98425293,1210.70556641,776.430725098,1420892758,182962
743.53112793,552.713378906,526.393737793,819.200195312,1420892758,182962
710.631530762,1079.10705566,1105.42675781,771.495788574,1420892758,182962
694.18170166,736.951171875,684.311828613,764.91583252,1420892758,182964
707.341552734,789.590576172,842.229919434,751.75604248,1420892758,182964
657.992126465,947.508666992,842.229919434,735.306213379,1420892758,182964
704.051574707,579.033081055,657.992126465,801.105407715,1420892758,250545
704.051574707,1263.34484863,1237.02526855,748.466064453,1420892758,250546
704.051574707,394.795288086,579.033081055,774.785766602,1420892758,250546
697.471679688,500.074035645,657.992126465,787.945556641,1420892758,250547
671.151977539,868.549621582,1026.46777344,722.146362305,1420892758,250547
644.832275391,947.508666992,947.508666992,682.666870117,1420892758,250547
677.731872559,736.951171875,921.188964844,682.666870117,1420892758,250548
710.631530762,842.229919434,1026.46777344,735.306213379,1420892758,250548
756.690979004,1026.46777344,1184.38586426,761.625915527,1420892758,250548
855.389770508,631.672424316,842.229919434,853.744812012,1420892758,250548
921.188964844,710.631530762,1000.14807129,919.544006348,1420892758,250549
908.029174805,1184.38586426,1289.66455078,880.064453125,1420892758,250549
1019.88781738,263.196868896,605.352783203,985.343200684,1420892758,250549
1019.88781738,1184.38586426,1342.30395508,998.503051758,1420892758,250550
1065.94726562,763.270874023,921.188964844,1064.30224609,1420892758,250550
1177.8059082,500.074035645,815.91027832,1143.26135254,1420892758,250550
1156.42114258,1131.74645996,1237.02526855,1146.55126953,1420892758,330450
1283.0847168,78.9590530396,289.516540527,1261.69995117,1420892758,330452
1288.01965332,1131.74645996,1342.30395508,1248.54003906,1420892758,330452
1358.75378418,289.516540527,394.795288086,1347.2388916,1420892758,330453
1404.81323242,710.631530762,921.188964844,1376.84851074,1420892758,330453
1419.61804199,1131.74645996,1131.74645996,1373.55859375,1420892758,330453
1556.15136719,289.516540527,394.795288086,1495.28710938,1420892758,330454
1542.99157715,289.516540527,605.352783203,1524.89672852,1420892758,330454
1496.93212891,1131.74645996,1237.02526855,1485.41723633,1420892758,330454
1546.28149414,710.631530762,710.631530762,1524.89672852,1420892758,330455
1544.63659668,710.631530762,710.631530762,1534.76660156,1420892758,330455
1519.96179199,1342.30395508,1131.74645996,1508.44702148,1420892758,330455
1640.04541016,289.516540527,289.516540527,1587.40600586,1420892758,330455
1600.56591797,1342.30395508,1237.02526855,1570.95617676,1420892758,330456
1587.40600586,710.631530762,394.795288086,1590.69604492,1420892758,330456
1562.73132324,921.188964844,710.631530762,1547.92651367,1420892758,330456
1449.22766113,825.780151367,740.241149902,1468.96740723,1420892758,330457
1449.22766113,615.22265625,634.962402344,1468.96740723,1420892758,416718
1396.58825684,1457.45263672,950.79864502,1390.00842285,1420892758,416720
1396.58825684,404.665161133,108.568702698,1416.328125,1420892758,416720
1238.67016602,1668.01000977,1056.07739258,1284.72961426,1420892758,416720
1186.03088379,1246.8951416,634.962402344,1232.09033203,1420892758,416720
1186.03088379,1246.8951416,634.962402344,1232.09033203,1420892758,416721
1107.07177734,1682.81494141,1161.3560791,1153.13122559,1420892758,416721
1212.35046387,630.02746582,213.847442627,1232.09033203,1420892758,416721
1133.39147949,1472.25744629,950.79864502,1179.45092773,1420892758,416722
1080.7520752,1682.81494141,950.79864502,1126.81152344,1420892758,416722
1107.07177734,840.584960938,424.404937744,1153.13122559,1420892758,416722
1107.07177734,1472.25744629,1161.3560791,1100.49182129,1420892758,416723
1107.07177734,1261.69995117,845.519897461,1100.49182129,1420892758,416724
1107.07177734,630.02746582,529.683654785,1126.81152344,1420892758,416725
1028.1126709,1682.81494141,1371.91357422,1074.17211914,1420892758,416725
1107.07177734,630.02746582,424.404937744,1100.49182129,1420892758,416726
1082.39709473,1366.9786377,1161.3560791,1067.59228516,1420892758,479223
1077.4621582,1209.06054688,1003.43798828,1093.9119873,1420892758,479225
1125.16650391,630.02746582,529.683654785,1126.81152344,1420892758,479225
1135.03637695,1103.78186035,1003.43798828,1107.07177734,1420892758,479225
1174.51599121,893.224304199,740.241149902,1143.26135254,1420892758,479226
1184.38586426,1314.3392334,1108.71679688,1163.00109863,1420892758,479226
1120.23156738,1682.81494141,1371.91357422,1110.36169434,1420892758,479226
1186.03088379,524.748718262,371.765563965,1192.61071777,1420892758,479226
1202.48059082,735.306213379,740.241149902,1202.48059082,1420892758,479227
1158.06616211,1524.89672852,1213.9954834,1159.71118164,1420892758,479227
1172.87097168,840.584960938,634.962402344,1182.74084473,1420892758,479227
1135.03637695,1366.9786377,1108.71679688,1100.49182129,1420892758,479228
1199.19067383,630.02746582,477.044311523,1139.97143555,1420892758,479228
1130.10144043,1156.42114258,1003.43798828,1084.04199219,1420892758,479228
1110.36169434,998.503051758,740.241149902,1103.78186035,1420892758,479229
1110.36169434,1209.06054688,1003.43798828,1113.6517334,1420892758,479229
