TP9,FP1,FP2,TP10,timestamp,duration
847.164855957,0.0,491.849121094,1136.68139648,1420891214,803719
1031.40270996,60.8642730713,912.964111328,1031.40270996,1420891214,803721
978.763305664,54.2843513489,412.890075684,794.525512695,1420891214,803721
847.164855957,50.994392395,781.365661621,1005.08300781,1420891214,803721
820.845214844,34.5445861816,386.570373535,1057.72241211,1420891214,803723
978.763305664,46.0594482422,728.726318359,847.164855957,1420891214,803723
926.123962402,50.994392395,676.086914062,741.886108398,1420891214,803724
873.484558105,41.1245079041,623.447570801,873.484558105,1420891214,803724
899.804260254,46.0594482422,465.529449463,873.484558105,1420891214,803725
847.164855957,49.3494110107,649.767211914,794.525512695,1420891214,803725
768.205810547,50.994392395,886.64440918,820.845214844,1420891214,803725
873.484558105,24.6747055054,597.127868652,952.443603516,1420891214,803726
873.484558105,44.4144706726,702.406616211,794.525512695,1420891214,803726
926.123962402,46.0594482422,518.168823242,689.246765137,1420891214,803726
715.566467285,3.28996062279,886.64440918,873.484558105,1420891214,803726
741.886108398,29.6096458435,597.127868652,794.525512695,1420891214,803727
794.525512695,46.0594482422,597.127868652,847.164855957,1420891214,875001
873.484558105,31.2546272278,412.890075684,662.927062988,1420891214,875002
873.484558105,29.6096458435,702.406616211,715.566467285,1420891214,875002
662.927062988,32.8996086121,991.923156738,794.525512695,1420891214,875003
715.566467285,41.1245079041,518.168823242,820.845214844,1420891214,875003
662.927062988,46.0594482422,649.767211914,741.886108398,1420891214,875003
794.525512695,49.3494110107,649.767211914,768.205810547,1420891214,875004
689.246765137,29.6096458435,412.890075684,531.328674316,1420891214,875004
741.886108398,41.1245079041,912.964111328,610.287719727,1420891214,875004
557.64831543,9.86988162994,386.570373535,505.008972168,1420891214,875004
557.64831543,32.8996086121,781.365661621,715.566467285,1420891214,875005
557.64831543,39.4795265198,623.447570801,768.205810547,1420891214,875005
557.64831543,32.8996086121,939.283752441,715.566467285,1420891214,875006
689.246765137,32.8996086121,623.447570801,715.566467285,1420891214,875006
583.968017578,31.2546272278,254.971954346,531.328674316,1420891214,875006
583.968017578,41.1245079041,834.005004883,820.845214844,1420891214,875007
505.008972168,67.444190979,755.045959473,636.607421875,1420891214,952561
689.246765137,55.9293327332,807.68536377,715.566467285,1420891214,952562
478.68927002,27.9646663666,807.68536377,478.68927002,1420891214,952562
610.287719727,46.0594482422,518.168823242,557.64831543,1420891214,952563
426.04989624,23.0297241211,544.488464355,531.328674316,1420891214,952572
478.68927002,37.8345489502,728.726318359,557.64831543,1420891214,952573
478.68927002,41.1245079041,755.045959473,689.246765137,1420891214,952573
662.927062988,21.3847446442,254.971954346,505.008972168,1420891214,952573
662.927062988,19.7397632599,702.406616211,505.008972168,1420891214,952574
505.008972168,39.4795265198,1018.24285889,610.287719727,1420891214,952574
531.328674316,32.8996086121,702.406616211,662.927062988,1420891214,952574
426.04989624,21.3847446442,728.726318359,531.328674316,1420891214,952575
662.927062988,27.9646663666,412.890075684,531.328674316,1420891214,952575
478.68927002,36.1895675659,518.168823242,347.09085083,1420891214,952575
583.968017578,27.9646663666,807.68536377,478.68927002,1420891214,952575
399.730224609,24.6747055054,597.127868652,478.68927002,1420891214,952576
478.68927002,31.2546272278,544.488464355,583.968017578,1420891215,18773
531.328674316,31.2546272278,439.209747314,610.287719727,1420891215,18775
531.328674316,27.9646663666,965.60345459,505.008972168,1420891215,18775
610.287719727,29.6096458435,570.808166504,505.008972168,1420891215,18776
505.008972168,31.2546272278,518.168823242,399.730224609,1420891215,18778
557.64831543,39.4795265198,491.849121094,557.64831543,1420891215,18778
531.328674316,113.503646851,676.086914062,557.64831543,1420891215,18779
636.607421875,75.6690979004,702.406616211,583.968017578,1420891215,18780
505.008972168,27.9646663666,728.726318359,320.771179199,1420891215,18780
662.927062988,64.1542358398,439.209747314,399.730224609,1420891215,18781
478.68927002,77.3140792847,623.447570801,399.730224609,1420891215,18781
478.68927002,60.8642730713,912.964111328,636.607421875,1420891215,18782
531.328674316,39.4795265198,544.488464355,583.968017578,1420891215,18782
662.927062988,29.6096458435,386.570373535,373.410552979,1420891215,18782
636.607421875,4.93494081497,597.127868652,426.04989624,1420891215,18783
531.328674316,57.5743103027,912.964111328,583.968017578,1420891215,18783
636.607421875,36.1895675659,728.726318359,570.808166504,1420891215,97550
610.287719727,11.5148620605,544.488464355,439.209747314,1420891215,97551
715.566467285,23.0297241211,518.168823242,616.867614746,1420891215,97552
610.287719727,46.0594482422,912.964111328,412.890075684,1420891215,97552
689.246765137,41.1245079041,570.808166504,445.789672852,1420891215,97552
505.008972168,103.633758545,834.005004883,531.328674316,1420891215,97552
531.328674316,50.994392395,333.930999756,524.748718262,1420891215,97553
610.287719727,37.8345489502,755.045959473,524.748718262,1420891215,97553
662.927062988,32.8996086121,807.68536377,472.109344482,1420891215,97553
662.927062988,1.64498031139,597.127868652,518.168823242,1420891215,97554
636.607421875,54.2843513489,755.045959473,603.707763672,1420891215,97554
636.607421875,36.1895675659,491.849121094,623.447570801,1420891215,97554
610.287719727,41.1245079041,1097.2019043,649.767211914,1420891215,97555
768.205810547,44.4144706726,439.209747314,656.347167969,1420891215,97555
636.607421875,36.1895675659,886.64440918,524.748718262,1420891215,97555
741.886108398,54.2843513489,570.808166504,491.849121094,1420891215,97556
662.927062988,128.30847168,755.045959473,570.808166504,1420891215,167536
610.287719727,72.3791351318,676.086914062,623.447570801,1420891215,167537
794.525512695,44.4144706726,518.168823242,544.488464355,1420891215,167538
781.365661621,52.6393699646,965.60345459,518.168823242,1420891215,167538
755.045959473,29.6096458435,544.488464355,544.488464355,1420891215,167538
676.086914062,60.8642730713,886.64440918,597.127868652,1420891215,167539
689.246765137,46.0594482422,623.447570801,623.447570801,1420891215,167539
768.205810547,21.3847446442,781.365661621,623.447570801,1420891215,167539
873.484558105,23.0297241211,702.406616211,570.808166504,1420891215,167539
847.164855957,54.2843513489,649.767211914,570.808166504,1420891215,167540
794.525512695,36.1895675659,649.767211914,518.168823242,1420891215,167540
768.205810547,11.5148620605,649.767211914,728.726318359,1420891215,167540
755.045959473,32.8996086121,518.168823242,702.406616211,1420891215,167541
912.964111328,46.0594482422,912.964111328,623.447570801,1420891215,167541
886.64440918,26.3196849823,781.365661621,676.086914062,1420891215,167541
847.164855957,26.3196849823,807.68536377,570.808166504,1420891215,167542
847.164855957,36.1895675659,676.086914062,676.086914062,1420891215,236287
794.525512695,37.8345489502,781.365661621,676.086914062,1420891215,236288
899.804260254,27.9646663666,807.68536377,649.767211914,1420891215,236289
1005.08300781,32.8996086121,623.447570801,570.808166504,1420891215,236290
899.804260254,36.1895675659,860.324707031,702.406616211,1420891215,236290
899.804260254,37.8345489502,518.168823242,518.168823242,1420891215,236291
899.804260254,59.219291687,991.923156738,676.086914062,1420891215,236292
847.164855957,42.7694892883,702.406616211,676.086914062,1420891215,236292
978.763305664,32.8996086121,807.68536377,570.808166504,1420891215,236292
978.763305664,34.5445861816,728.726318359,544.488464355,1420891215,236293
952.443603516,16.449804306,728.726318359,518.168823242,1420891215,236293
873.484558105,39.4795265198,912.964111328,623.447570801,1420891215,236293
873.484558105,36.1895675659,649.767211914,623.447570801,1420891215,236293
978.763305664,21.3847446442,465.529449463,386.570373535,1420891215,236294
1031.40270996,24.6747055054,623.447570801,491.849121094,1420891215,236294
978.763305664,37.8345489502,939.283752441,439.209747314,1420891215,236295
945.863708496,42.7694892883,702.406616211,491.849121094,1420891215,312577
906.384155273,126.663482666,807.68536377,544.488464355,1420891215,312579
893.224304199,69.0891723633,807.68536377,544.488464355,1420891215,312580
906.384155273,34.5445861816,755.045959473,465.529449463,1420891215,312580
1044.5625,69.0891723633,676.086914062,439.209747314,1420891215,312580
939.283752441,87.1839599609,939.283752441,465.529449463,1420891215,312581
939.283752441,55.9293327332,491.849121094,465.529449463,1420891215,312581
932.703857422,49.3494110107,781.365661621,649.767211914,1420891215,312581
919.544006348,69.0891723633,860.324707031,597.127868652,1420891215,312582
1077.4621582,62.5092544556,965.60345459,544.488464355,1420891215,312582
912.964111328,47.7044296265,728.726318359,518.168823242,1420891215,312582
978.763305664,57.5743103027,544.488464355,518.168823242,1420891215,312582
978.763305664,4.93494081497,702.406616211,412.890075684,1420891215,312583
932.703857422,55.9293327332,939.283752441,597.127868652,1420891215,312583
965.60345459,52.6393699646,676.086914062,465.529449463,1420891215,312583
1044.5625,32.8996086121,649.767211914,465.529449463,1420891215,312584
768.205810547,24.6747055054,611.932678223,776.430725098,1420891215,312585
741.886108398,46.0594482422,796.170471191,802.750427246,1420891215,393731
820.845214844,46.0594482422,717.211425781,881.709472656,1420891215,393733
820.845214844,14.8048229218,559.293334961,671.151977539,1420891215,393733
952.443603516,8.22490215302,375.055511475,750.111022949,1420891215,393733
847.164855957,46.0594482422,664.57208252,592.192932129,1420891215,393734
847.164855957,32.8996086121,954.088623047,776.430725098,1420891215,393734
741.886108398,13.1598424911,427.694885254,723.791320801,1420891215,393734
847.164855957,24.6747055054,506.653930664,750.111022949,1420891215,393734
820.845214844,37.8345489502,769.850830078,697.471679688,1420891215,393735
899.804260254,27.9646663666,743.53112793,697.471679688,1420891215,393735
847.164855957,21.3847446442,927.768920898,723.791320801,1420891215,393735
794.525512695,29.6096458435,532.973632812,723.791320801,1420891215,393736
820.845214844,34.5445861816,480.334259033,855.389770508,1420891215,393736
847.164855957,34.5445861816,638.252380371,750.111022949,1420891215,393736
952.443603516,39.4795265198,796.170471191,776.430725098,1420891215,393737
768.205810547,26.3196849823,585.612976074,644.832275391,1420891215,393737
847.164855957,36.1895675659,480.334259033,750.111022949,1420891215,461271
820.845214844,64.1542358398,454.014587402,513.233886719,1420891215,461272
820.845214844,70.7341537476,901.44921875,776.430725098,1420891215,461289
794.525512695,21.3847446442,506.653930664,644.832275391,1420891215,461311
899.804260254,42.7694892883,454.014587402,592.192932129,1420891215,461322
741.886108398,1.64498031139,532.973632812,592.192932129,1420891215,461372
715.566467285,36.1895675659,875.129516602,750.111022949,1420891215,461379
768.205810547,39.4795265198,717.211425781,802.750427246,1420891215,461385
768.205810547,21.3847446442,638.252380371,750.111022949,1420891215,461390
926.123962402,21.3847446442,401.375213623,776.430725098,1420891215,461398
794.525512695,32.8996086121,638.252380371,592.192932129,1420891215,461409
820.845214844,36.1895675659,743.53112793,750.111022949,1420891215,461416
768.205810547,64.1542358398,585.612976074,618.512634277,1420891215,461421
820.845214844,59.219291687,638.252380371,723.791320801,1420891215,461426
873.484558105,23.0297241211,322.416137695,592.192932129,1420891215,461435
873.484558105,41.1245079041,1164.64611816,618.512634277,1420891215,461442
741.886108398,4.93494081497,532.973632812,697.471679688,1420891215,536274
768.205810547,34.5445861816,480.334259033,697.471679688,1420891215,536276
794.525512695,37.8345489502,454.014587402,802.750427246,1420891215,536276
768.205810547,70.7341537476,901.44921875,776.430725098,1420891215,536277
873.484558105,80.6040344238,559.293334961,776.430725098,1420891215,536277
715.566467285,21.3847446442,559.293334961,644.832275391,1420891215,536278
715.566467285,54.2843513489,796.170471191,750.111022949,1420891215,536278
741.886108398,34.5445861816,269.776763916,592.192932129,1420891215,536278
689.246765137,67.444190979,1059.36730957,802.750427246,1420891215,536278
768.205810547,31.2546272278,480.334259033,618.512634277,1420891215,536279
820.845214844,34.5445861816,822.49017334,592.192932129,1420891215,536279
689.246765137,0.0,506.653930664,618.512634277,1420891215,536279
610.287719727,36.1895675659,1217.28540039,960.668518066,1420891215,536280
689.246765137,46.0594482422,717.211425781,829.070068359,1420891215,536280
689.246765137,49.3494110107,664.57208252,776.430725098,1420891215,536280
768.205810547,65.7992172241,822.49017334,776.430725098,1420891215,536280
741.886108398,23.0297241211,401.375213623,671.151977539,1420891215,607577
636.607421875,49.3494110107,1112.00671387,829.070068359,1420891215,607578
662.927062988,16.449804306,585.612976074,855.389770508,1420891215,607579
662.927062988,34.5445861816,611.932678223,881.709472656,1420891215,607579
741.886108398,39.4795265198,506.653930664,723.791320801,1420891215,607579
768.205810547,36.1895675659,1006.72796631,723.791320801,1420891215,607580
689.246765137,77.3140792847,743.53112793,802.750427246,1420891215,607580
662.927062988,52.6393699646,690.891723633,855.389770508,1420891215,607580
662.927062988,34.5445861816,875.129516602,855.389770508,1420891215,607580
715.566467285,39.4795265198,717.211425781,802.750427246,1420891215,607581
768.205810547,21.3847446442,875.129516602,723.791320801,1420891215,607581
662.927062988,44.4144706726,927.768920898,908.029174805,1420891215,607581
636.607421875,39.4795265198,454.014587402,829.070068359,1420891215,607582
741.886108398,13.1598424911,638.252380371,829.070068359,1420891215,607582
689.246765137,23.0297241211,927.768920898,855.389770508,1420891215,607582
741.886108398,42.7694892883,743.53112793,855.389770508,1420891215,607583
794.525512695,26.3196849823,585.612976074,829.070068359,1420891215,678755
676.086914062,11.5148620605,585.612976074,881.709472656,1420891215,678757
623.447570801,29.6096458435,848.809875488,881.709472656,1420891215,678762
649.767211914,34.5445861816,769.850830078,868.549621582,1420891215,678770
715.566467285,26.3196849823,717.211425781,947.508666992,1420891215,678777
715.566467285,34.5445861816,769.850830078,750.111022949,1420891215,678784
676.086914062,29.6096458435,664.57208252,881.709472656,1420891215,678790
570.808166504,32.8996086121,690.891723633,881.709472656,1420891215,678797
728.726318359,18.094783783,690.891723633,1105.42675781,1420891215,678802
649.767211914,23.0297241211,585.612976074,921.188964844,1420891215,678822
741.886108398,32.8996086121,848.809875488,960.668518066,1420891215,678824
741.886108398,27.9646663666,875.129516602,868.549621582,1420891215,678826
662.927062988,39.4795265198,927.768920898,868.549621582,1420891215,678832
636.607421875,29.6096458435,717.211425781,921.188964844,1420891215,678837
662.927062988,29.6096458435,532.973632812,908.029174805,1420891215,678856
689.246765137,46.0594482422,796.170471191,934.348815918,1420891215,678865
695.826660156,65.7992172241,927.768920898,750.111022949,1420891215,755013
669.507019043,24.6747055054,559.293334961,855.389770508,1420891215,755014
551.06842041,39.4795265198,585.612976074,776.430725098,1420891215,755014
689.246765137,14.8048229218,664.57208252,881.709472656,1420891215,755015
636.607421875,23.0297241211,875.129516602,881.709472656,1420891215,755015
676.086914062,39.4795265198,717.211425781,881.709472656,1420891215,755015
708.98651123,27.9646663666,348.735839844,644.832275391,1420891215,755016
689.246765137,55.9293327332,401.375213623,829.070068359,1420891215,755016
564.228271484,57.5743103027,822.49017334,934.348815918,1420891215,755016
676.086914062,24.6747055054,585.612976074,829.070068359,1420891215,755017
656.347167969,39.4795265198,664.57208252,829.070068359,1420891215,755017
676.086914062,13.1598424911,322.416137695,697.471679688,1420891215,755017
669.507019043,32.8996086121,348.735839844,802.750427246,1420891215,755017
551.06842041,37.8345489502,664.57208252,802.750427246,1420891215,755018
662.927062988,18.094783783,322.416137695,723.791320801,1420891215,755018
649.767211914,21.3847446442,585.612976074,802.750427246,1420891215,755018
702.406616211,32.8996086121,506.653930664,723.791320801,1420891215,820032
702.406616211,36.1895675659,559.293334961,671.151977539,1420891215,820034
570.808166504,55.9293327332,559.293334961,802.750427246,1420891215,820035
570.808166504,31.2546272278,190.817718506,908.029174805,1420891215,820035
649.767211914,32.8996086121,585.612976074,829.070068359,1420891215,820035
649.767211914,37.8345489502,322.416137695,750.111022949,1420891215,820035
702.406616211,39.4795265198,769.850830078,723.791320801,1420891215,820036
676.086914062,32.8996086121,32.8996086121,671.151977539,1420891215,820036
570.808166504,36.1895675659,532.973632812,881.709472656,1420891215,820036
676.086914062,21.3847446442,480.334259033,723.791320801,1420891215,820037
676.086914062,32.8996086121,532.973632812,829.070068359,1420891215,820037
597.127868652,36.1895675659,664.57208252,776.430725098,1420891215,820037
702.406616211,29.6096458435,164.498031616,697.471679688,1420891215,820037
544.488464355,14.8048229218,348.735839844,855.389770508,1420891215,820038
544.488464355,24.6747055054,348.735839844,855.389770508,1420891215,820038
597.127868652,34.5445861816,532.973632812,855.389770508,1420891215,820038
623.447570801,26.3196849823,375.055511475,802.750427246,1420891215,898724
649.767211914,27.9646663666,348.735839844,776.430725098,1420891215,898726
570.808166504,27.9646663666,269.776763916,776.430725098,1420891215,898728
544.488464355,32.8996086121,559.293334961,881.709472656,1420891215,898728
544.488464355,42.7694892883,480.334259033,829.070068359,1420891215,898728
623.447570801,42.7694892883,480.334259033,829.070068359,1420891215,898730
570.808166504,24.6747055054,454.014587402,697.471679688,1420891215,898730
649.767211914,34.5445861816,427.694885254,697.471679688,1420891215,898731
518.168823242,16.449804306,348.735839844,671.151977539,1420891215,898731
518.168823242,34.5445861816,375.055511475,776.430725098,1420891215,898732
623.447570801,31.2546272278,322.416137695,802.750427246,1420891215,898732
597.127868652,50.994392395,769.850830078,802.750427246,1420891215,898733
649.767211914,82.2490158081,664.57208252,750.111022949,1420891215,898733
544.488464355,21.3847446442,611.932678223,802.750427246,1420891215,898734
544.488464355,44.4144706726,401.375213623,855.389770508,1420891215,898734
728.726318359,36.1895675659,375.055511475,671.151977539,1420891215,898734
889.934387207,77.3140792847,845.519897461,860.324707031,1420891215,898735
889.934387207,36.1895675659,582.323059082,755.045959473,1420891215,977512
889.934387207,54.2843513489,556.003356934,755.045959473,1420891215,977513
863.614685059,125.018508911,661.282104492,939.283752441,1420891215,977513
837.29498291,72.3791351318,582.323059082,912.964111328,1420891215,977514
995.213134766,50.994392395,634.962402344,912.964111328,1420891215,977514
968.893432617,46.0594482422,871.839599609,939.283752441,1420891215,977514
968.893432617,0.0,398.085235596,860.324707031,1420891215,977515
968.893432617,55.9293327332,687.601806641,965.60345459,1420891215,977515
837.29498291,46.0594482422,608.642700195,991.923156738,1420891215,977515
1021.53277588,18.094783783,582.323059082,1070.88220215,1420891215,977516
995.213134766,26.3196849823,398.085235596,939.283752441,1420891215,977516
1126.81152344,42.7694892883,503.363983154,886.64440918,1420891215,977516
995.213134766,39.4795265198,845.519897461,939.283752441,1420891215,977516
1126.81152344,50.994392395,556.003356934,1018.24285889,1420891215,977517
1021.53277588,77.3140792847,661.282104492,939.283752441,1420891215,977517
1074.17211914,29.6096458435,529.683654785,939.283752441,1420891215,977517
1126.81152344,54.2843513489,740.241149902,939.283752441,1420891216,52569
1126.81152344,47.7044296265,766.560852051,834.005004883,1420891216,52571
1047.85253906,39.4795265198,792.880554199,1018.24285889,1420891216,52572
968.893432617,49.3494110107,424.404937744,965.60345459,1420891216,52572
1232.09033203,64.1542358398,371.765563965,1044.5625,1420891216,52572
1126.81152344,171.077957153,845.519897461,939.283752441,1420891216,52573
1153.13122559,46.0594482422,608.642700195,939.283752441,1420891216,52573
1047.85253906,62.5092544556,424.404937744,886.64440918,1420891216,52573
1153.13122559,90.4739151001,477.044311523,1018.24285889,1420891216,52574
995.213134766,85.5389785767,845.519897461,1044.5625,1420891216,52574
1179.45092773,67.444190979,740.241149902,1018.24285889,1420891216,52574
1153.13122559,65.7992172241,713.921447754,991.923156738,1420891216,52575
1047.85253906,0.0,529.683654785,834.005004883,1420891216,52575
1074.17211914,34.5445861816,529.683654785,965.60345459,1420891216,52575
968.893432617,70.7341537476,819.200195312,965.60345459,1420891216,52576
1074.17211914,32.8996086121,740.241149902,1070.88220215,1420891216,52576
1054.43237305,39.4795265198,713.921447754,912.964111328,1420891216,132479
1093.9119873,37.8345489502,634.962402344,1018.24285889,1420891216,132481
1047.85253906,59.219291687,661.282104492,834.005004883,1420891216,132482
1028.1126709,18.094783783,713.921447754,991.923156738,1420891216,132482
949.153686523,27.9646663666,766.560852051,1044.5625,1420891216,132483
1113.6517334,49.3494110107,687.601806641,965.60345459,1420891216,132483
1107.07177734,54.2843513489,556.003356934,755.045959473,1420891216,132483
1034.69262695,62.5092544556,766.560852051,781.365661621,1420891216,132484
1014.95288086,27.9646663666,556.003356934,912.964111328,1420891216,132484
968.893432617,59.219291687,766.560852051,912.964111328,1420891216,132484
1080.7520752,90.4739151001,713.921447754,860.324707031,1420891216,132485
1120.23156738,113.503646851,740.241149902,860.324707031,1420891216,132485
1100.49182129,44.4144706726,477.044311523,807.68536377,1420891216,132485
1061.0123291,70.7341537476,819.200195312,781.365661621,1420891216,132486
1067.59228516,0.0,398.085235596,781.365661621,1420891216,132486
949.153686523,34.5445861816,1082.39709473,991.923156738,1420891216,132486
1054.43237305,57.5743103027,792.880554199,834.005004883,1420891216,196261
1107.07177734,21.3847446442,661.282104492,755.045959473,1420891216,196263
1028.1126709,3.28996062279,529.683654785,781.365661621,1420891216,196263
1028.1126709,37.8345489502,898.159240723,860.324707031,1420891216,196264
1001.79302979,44.4144706726,1082.39709473,912.964111328,1420891216,196264
1001.79302979,19.7397632599,792.880554199,886.64440918,1420891216,196264
1133.39147949,23.0297241211,845.519897461,807.68536377,1420891216,196264
1054.43237305,37.8345489502,503.363983154,755.045959473,1420891216,196265
1054.43237305,32.8996086121,950.79864502,807.68536377,1420891216,196265
1001.79302979,16.449804306,766.560852051,912.964111328,1420891216,196265
975.473327637,27.9646663666,740.241149902,965.60345459,1420891216,196266
1028.1126709,34.5445861816,1082.39709473,912.964111328,1420891216,196266
1133.39147949,54.2843513489,450.724609375,702.406616211,1420891216,196266
1054.43237305,129.953445435,1240.31518555,781.365661621,1420891216,196266
1001.79302979,29.6096458435,713.921447754,860.324707031,1420891216,196267
1001.79302979,46.0594482422,687.601806641,939.283752441,1420891216,196267
1107.07177734,26.3196849823,819.200195312,820.845214844,1420891216,263797
1133.39147949,31.2546272278,924.478942871,781.365661621,1420891216,263798
1080.7520752,52.6393699646,608.642700195,741.886108398,1420891216,263798
1028.1126709,32.8996086121,1029.75769043,807.68536377,1420891216,263799
1001.79302979,11.5148620605,819.200195312,834.005004883,1420891216,263799
1001.79302979,19.7397632599,845.519897461,926.123962402,1420891216,263799
1080.7520752,47.7044296265,1213.9954834,847.164855957,1420891216,263800
1133.39147949,49.3494110107,608.642700195,768.205810547,1420891216,263800
1054.43237305,125.018508911,950.79864502,794.525512695,1420891216,263800
1054.43237305,36.1895675659,477.044311523,768.205810547,1420891216,263801
1001.79302979,47.7044296265,1082.39709473,912.964111328,1420891216,263801
1001.79302979,34.5445861816,1056.07739258,912.964111328,1420891216,263801
1133.39147949,14.8048229218,661.282104492,794.525512695,1420891216,263802
1080.7520752,54.2843513489,740.241149902,755.045959473,1420891216,263802
1028.1126709,36.1895675659,1003.43798828,807.68536377,1420891216,263802
1028.1126709,4.93494081497,819.200195312,834.005004883,1420891216,263803
962.313476562,24.6747055054,950.79864502,912.964111328,1420891216,337521
1061.0123291,47.7044296265,1029.75769043,755.045959473,1420891216,337524
1074.17211914,50.994392395,582.323059082,728.726318359,1420891216,337524
1001.79302979,93.7638778687,1292.95458984,728.726318359,1420891216,337525
1001.79302979,24.6747055054,713.921447754,781.365661621,1420891216,337525
968.893432617,52.6393699646,871.839599609,860.324707031,1420891216,337526
1120.23156738,9.86988162994,634.962402344,649.767211914,1420891216,337526
1120.23156738,9.86988162994,845.519897461,702.406616211,1420891216,337526
982.053283691,50.994392395,1266.6348877,834.005004883,1420891216,337527
1001.79302979,27.9646663666,556.003356934,755.045959473,1420891216,337527
1008.3729248,21.3847446442,819.200195312,755.045959473,1420891216,337527
975.473327637,29.6096458435,950.79864502,886.64440918,1420891216,337528
1067.59228516,39.4795265198,950.79864502,755.045959473,1420891216,337528
1126.81152344,34.5445861816,687.601806641,676.086914062,1420891216,337528
1008.3729248,69.0891723633,950.79864502,781.365661621,1420891216,337528
988.633178711,42.7694892883,792.880554199,807.68536377,1420891216,337529
988.633178711,34.5445861816,687.601806641,860.324707031,1420891216,412518
1028.1126709,37.8345489502,1319.27429199,886.64440918,1420891216,412520
1146.55126953,26.3196849823,582.323059082,689.246765137,1420891216,412520
1093.9119873,39.4795265198,740.241149902,728.726318359,1420891216,412520
1028.1126709,36.1895675659,1082.39709473,755.045959473,1420891216,412521
1067.59228516,16.449804306,950.79864502,847.164855957,1420891216,412521
1028.1126709,31.2546272278,819.200195312,807.68536377,1420891216,412521
1159.71118164,37.8345489502,792.880554199,662.927062988,1420891216,412522
1159.71118164,42.7694892883,950.79864502,662.927062988,1420891216,412522
1067.59228516,88.8289413452,1108.71679688,689.246765137,1420891216,412522
1028.1126709,37.8345489502,950.79864502,807.68536377,1420891216,412522
1041.27258301,39.4795265198,766.560852051,807.68536377,1420891216,412523
1212.35046387,41.1245079041,634.962402344,715.566467285,1420891216,412523
1199.19067383,69.0891723633,1056.07739258,636.607421875,1420891216,412523
1120.23156738,47.7044296265,898.159240723,702.406616211,1420891216,412524
1054.43237305,47.7044296265,792.880554199,715.566467285,1420891216,412524
1054.43237305,110.213684082,898.159240723,715.566467285,1420891216,475001
1054.43237305,64.1542358398,950.79864502,794.525512695,1420891216,475003
1107.07177734,49.3494110107,845.519897461,715.566467285,1420891216,475003
1133.39147949,62.5092544556,950.79864502,689.246765137,1420891216,475003
975.473327637,31.2546272278,792.880554199,715.566467285,1420891216,475004
1028.1126709,52.6393699646,634.962402344,715.566467285,1420891216,475004
949.153686523,52.6393699646,977.118347168,768.205810547,1420891216,475004
1028.1126709,46.0594482422,792.880554199,689.246765137,1420891216,475004
1054.43237305,87.1839599609,740.241149902,636.607421875,1420891216,475006
1028.1126709,47.7044296265,740.241149902,636.607421875,1420891216,475006
949.153686523,55.9293327332,1082.39709473,689.246765137,1420891216,475007
975.473327637,9.86988162994,950.79864502,820.845214844,1420891216,475007
975.473327637,14.8048229218,924.478942871,768.205810547,1420891216,475007
1001.79302979,62.5092544556,950.79864502,741.886108398,1420891216,475008
1080.7520752,31.2546272278,740.241149902,715.566467285,1420891216,475008
949.153686523,14.8048229218,898.159240723,715.566467285,1420891216,475008
819.200195312,32.8996086121,600.41784668,878.419494629,1420891216,483744
819.200195312,49.3494110107,653.057189941,904.739196777,1420891216,558761
898.159240723,24.6747055054,679.37689209,878.419494629,1420891216,558764
924.478942871,23.0297241211,600.41784668,799.460449219,1420891216,558764
871.839599609,37.8345489502,626.737487793,852.09979248,1420891216,558765
792.880554199,37.8345489502,495.139068604,852.09979248,1420891216,558765
819.200195312,19.7397632599,495.139068604,957.378540039,1420891216,558766
819.200195312,27.9646663666,442.499725342,957.378540039,1420891216,558766
898.159240723,37.8345489502,810.975280762,852.09979248,1420891216,558766
950.79864502,27.9646663666,495.139068604,825.780151367,1420891216,558767
871.839599609,16.449804306,231.942230225,878.419494629,1420891216,558767
819.200195312,31.2546272278,679.37689209,931.058898926,1420891216,558767
819.200195312,34.5445861816,626.737487793,931.058898926,1420891216,558768
871.839599609,23.0297241211,521.458740234,904.739196777,1420891216,558768
898.159240723,23.0297241211,574.098144531,799.460449219,1420891216,558768
792.880554199,31.2546272278,784.655639648,1010.01794434,1420891216,558768
792.880554199,32.8996086121,258.261901855,878.419494629,1420891216,558769
845.519897461,88.8289413452,705.696594238,878.419494629,1420891216,633762
819.200195312,77.3140792847,705.696594238,931.058898926,1420891216,633765
898.159240723,23.0297241211,258.261901855,825.780151367,1420891216,633765
871.839599609,62.5092544556,784.655639648,825.780151367,1420891216,633766
740.241149902,69.0891723633,600.41784668,878.419494629,1420891216,633766
740.241149902,47.7044296265,442.499725342,957.378540039,1420891216,633767
766.560852051,42.7694892883,521.458740234,904.739196777,1420891216,633767
871.839599609,64.1542358398,363.540649414,773.14074707,1420891216,633768
871.839599609,83.8939971924,863.614685059,773.14074707,1420891216,633768
766.560852051,34.5445861816,521.458740234,931.058898926,1420891216,633768
713.921447754,57.5743103027,389.860351562,904.739196777,1420891216,633768
845.519897461,8.22490215302,231.942230225,852.09979248,1420891216,633769
792.880554199,37.8345489502,732.016235352,904.739196777,1420891216,633769
819.200195312,54.2843513489,758.3359375,878.419494629,1420891216,633769
845.519897461,34.5445861816,600.41784668,904.739196777,1420891216,633770
687.601806641,19.7397632599,626.737487793,931.058898926,1420891216,633770
727.081298828,34.5445861816,126.663482666,852.09979248,1420891216,703804
753.401000977,49.3494110107,863.614685059,878.419494629,1420891216,703806
779.720703125,31.2546272278,442.499725342,852.09979248,1420891216,703806
819.200195312,41.1245079041,442.499725342,799.460449219,1420891216,703806
806.040344238,36.1895675659,179.302856445,799.460449219,1420891216,703807
634.962402344,42.7694892883,758.3359375,852.09979248,1420891216,703807
674.441955566,9.86988162994,626.737487793,1010.01794434,1420891216,703807
700.76159668,21.3847446442,310.901275635,904.739196777,1420891216,703808
687.601806641,42.7694892883,863.614685059,931.058898926,1420891216,703808
792.880554199,42.7694892883,21.3847446442,667.861999512,1420891216,703808
700.76159668,129.953445435,758.3359375,825.780151367,1420891216,703809
608.642700195,60.8642730713,705.696594238,931.058898926,1420891216,703811
713.921447754,37.8345489502,389.860351562,878.419494629,1420891216,703811
779.720703125,39.4795265198,547.778442383,904.739196777,1420891216,703811
766.560852051,11.5148620605,284.581604004,746.821105957,1420891216,703811
753.401000977,65.7992172241,495.139068604,773.14074707,1420891216,703812
595.482910156,32.8996086121,389.860351562,852.09979248,1420891216,778784
753.401000977,19.7397632599,574.098144531,773.14074707,1420891216,778788
700.76159668,13.1598424911,521.458740234,825.780151367,1420891216,778788
700.76159668,52.6393699646,916.25402832,825.780151367,1420891216,778789
740.241149902,42.7694892883,231.942230225,641.542358398,1420891216,778789
648.122253418,92.1188964844,600.41784668,799.460449219,1420891216,778790
648.122253418,75.6690979004,310.901275635,799.460449219,1420891216,778790
687.601806641,39.4795265198,337.220977783,799.460449219,1420891216,778790
674.441955566,55.9293327332,968.893432617,825.780151367,1420891216,778790
687.601806641,13.1598424911,258.261901855,667.861999512,1420891216,778791
687.601806641,49.3494110107,337.220977783,720.501403809,1420891216,778791
556.003356934,49.3494110107,574.098144531,773.14074707,1420891216,778791
674.441955566,62.5092544556,626.737487793,746.821105957,1420891216,778792
648.122253418,92.1188964844,495.139068604,773.14074707,1420891216,778792
700.76159668,36.1895675659,442.499725342,773.14074707,1420891216,778792
700.76159668,62.5092544556,284.581604004,667.861999512,1420891216,778793
700.76159668,14.8048229218,337.220977783,838.940002441,1420891216,842566
569.163208008,47.7044296265,995.213134766,878.419494629,1420891216,842568
727.081298828,52.6393699646,310.901275635,799.460449219,1420891216,842568
832.360046387,42.7694892883,389.860351562,799.460449219,1420891216,842568
753.401000977,83.8939971924,600.41784668,681.021850586,1420891216,842569
727.081298828,62.5092544556,442.499725342,786.300598145,1420891216,842569
621.80255127,46.0594482422,389.860351562,825.780151367,1420891216,842569
806.040344238,52.6393699646,310.901275635,773.14074707,1420891216,842570
779.720703125,36.1895675659,626.737487793,773.14074707,1420891216,842570
806.040344238,50.994392395,600.41784668,786.300598145,1420891216,842570
779.720703125,50.994392395,468.819396973,759.980895996,1420891216,842571
779.720703125,9.86988162994,337.220977783,878.419494629,1420891216,842571
779.720703125,27.9646663666,310.901275635,759.980895996,1420891216,842571
832.360046387,54.2843513489,705.696594238,773.14074707,1420891216,842571
779.720703125,42.7694892883,600.41784668,773.14074707,1420891216,842572
779.720703125,42.7694892883,337.220977783,694.18170166,1420891216,842572
806.040344238,32.8996086121,442.499725342,825.780151367,1420891216,922611
687.601806641,50.994392395,600.41784668,799.460449219,1420891216,922613
858.679748535,64.1542358398,284.581604004,799.460449219,1420891216,922613
792.880554199,115.148620605,758.3359375,799.460449219,1420891216,922614
806.040344238,32.8996086121,258.261901855,852.09979248,1420891216,922614
806.040344238,72.3791351318,416.180023193,720.501403809,1420891216,922614
806.040344238,128.30847168,732.016235352,904.739196777,1420891216,922615
727.081298828,78.9590530396,468.819396973,878.419494629,1420891216,922615
871.839599609,62.5092544556,416.180023193,825.780151367,1420891216,922616
898.159240723,70.7341537476,284.581604004,746.821105957,1420891216,922616
858.679748535,83.8939971924,442.499725342,746.821105957,1420891216,922616
845.519897461,88.8289413452,416.180023193,799.460449219,1420891216,922617
700.76159668,59.219291687,495.139068604,852.09979248,1420891216,922617
845.519897461,27.9646663666,574.098144531,878.419494629,1420891216,922617
806.040344238,6.57992124557,363.540649414,799.460449219,1420891216,922618
806.040344238,75.6690979004,889.934387207,878.419494629,1420891216,922618
799.460449219,47.7044296265,258.261901855,746.821105957,1420891216,996409
733.661254883,19.7397632599,784.655639648,931.058898926,1420891216,996414
766.560852051,29.6096458435,152.983169556,852.09979248,1420891216,996415
878.419494629,55.9293327332,679.37689209,825.780151367,1420891216,996415
838.940002441,34.5445861816,626.737487793,983.698242188,1420891216,996417
806.040344238,13.1598424911,416.180023193,720.501403809,1420891216,996418
786.300598145,42.7694892883,574.098144531,825.780151367,1420891216,996418
700.76159668,46.0594482422,363.540649414,825.780151367,1420891216,996419
812.620300293,39.4795265198,889.934387207,878.419494629,1420891216,996420
825.780151367,42.7694892883,442.499725342,799.460449219,1420891216,996420
832.360046387,37.8345489502,389.860351562,799.460449219,1420891216,996421
806.040344238,52.6393699646,495.139068604,694.18170166,1420891216,996421
753.401000977,83.8939971924,653.057189941,852.09979248,1420891216,996422
720.501403809,49.3494110107,521.458740234,878.419494629,1420891216,996423
865.259643555,42.7694892883,547.778442383,799.460449219,1420891216,996423
911.319091797,37.8345489502,389.860351562,746.821105957,1420891216,996424
858.679748535,6.57992124557,231.942230225,667.861999512,1420891217,66293
740.241149902,50.994392395,1047.85253906,931.058898926,1420891217,66295
713.921447754,41.1245079041,363.540649414,825.780151367,1420891217,66296
911.319091797,26.3196849823,284.581604004,720.501403809,1420891217,66296
884.999450684,29.6096458435,626.737487793,720.501403809,1420891217,66296
858.679748535,42.7694892883,732.016235352,799.460449219,1420891217,66297
832.360046387,39.4795265198,442.499725342,641.542358398,1420891217,66297
871.839599609,75.6690979004,521.458740234,773.14074707,1420891217,66298
819.200195312,74.0241165161,521.458740234,799.460449219,1420891217,66298
1003.43798828,29.6096458435,284.581604004,694.18170166,1420891217,66298
963.958496094,59.219291687,547.778442383,720.501403809,1420891217,66301
937.638793945,80.6040344238,442.499725342,667.861999512,1420891217,66301
898.159240723,64.1542358398,389.860351562,746.821105957,1420891217,66301
806.040344238,42.7694892883,547.778442383,799.460449219,1420891217,66302
911.319091797,88.8289413452,995.213134766,904.739196777,1420891217,66302
963.958496094,93.7638778687,337.220977783,694.18170166,1420891217,66302
917.899047852,36.1895675659,430.984863281,898.159240723,1420891217,66303
852.09979248,72.3791351318,588.902954102,819.200195312,1420891217,152508
819.200195312,55.9293327332,773.14074707,1003.43798828,1420891217,152510
799.460449219,37.8345489502,588.902954102,1003.43798828,1420891217,152510
950.79864502,57.5743103027,588.902954102,950.79864502,1420891217,152511
950.79864502,52.6393699646,641.542358398,1108.71679688,1420891217,152511
878.419494629,59.219291687,483.624206543,871.839599609,1420891217,152511
852.09979248,47.7044296265,483.624206543,950.79864502,1420891217,152512
779.720703125,57.5743103027,641.542358398,977.118347168,1420891217,152512
983.698242188,44.4144706726,167.787994385,819.200195312,1420891217,152512
957.378540039,75.6690979004,746.821105957,924.478942871,1420891217,152513
865.259643555,47.7044296265,878.419494629,1082.39709473,1420891217,152513
878.419494629,54.2843513489,457.304534912,898.159240723,1420891217,152513
917.899047852,0.0,430.984863281,1135.03637695,1420891217,152514
825.780151367,18.094783783,509.943908691,1056.07739258,1420891217,152514
990.278137207,64.1542358398,720.501403809,1029.75769043,1420891217,152514
977.118347168,55.9293327332,352.025787354,898.159240723,1420891217,152515
884.999450684,141.468307495,667.861999512,924.478942871,1420891217,217491
924.478942871,36.1895675659,141.468307495,1003.43798828,1420891217,217492
825.780151367,65.7992172241,799.460449219,1029.75769043,1420891217,217493
917.899047852,19.7397632599,720.501403809,1135.03637695,1420891217,217494
983.698242188,6.57992124557,562.583251953,950.79864502,1420891217,217494
963.958496094,72.3791351318,483.624206543,1003.43798828,1420891217,217495
898.159240723,49.3494110107,378.345489502,898.159240723,1420891217,217495
898.159240723,75.6690979004,746.821105957,1029.75769043,1420891217,217495
878.419494629,55.9293327332,509.943908691,1056.07739258,1420891217,217496
1042.91748047,55.9293327332,509.943908691,924.478942871,1420891217,217496
1042.91748047,49.3494110107,720.501403809,924.478942871,1420891217,217497
1010.01794434,39.4795265198,509.943908691,898.159240723,1420891217,217497
871.839599609,82.2490158081,825.780151367,1056.07739258,1420891217,217497
852.09979248,46.0594482422,483.624206543,1056.07739258,1420891217,217498
1003.43798828,85.5389785767,430.984863281,898.159240723,1420891217,217498
1003.43798828,121.728546143,825.780151367,924.478942871,1420891217,217499
924.478942871,46.0594482422,694.18170166,1082.39709473,1420891217,292507
894.86932373,77.3140792847,588.902954102,950.79864502,1420891217,292509
901.44921875,18.094783783,746.821105957,1135.03637695,1420891217,292509
881.709472656,29.6096458435,588.902954102,1082.39709473,1420891217,292509
1056.07739258,74.0241165161,825.780151367,977.118347168,1420891217,292510
977.118347168,50.994392395,825.780151367,1003.43798828,1420891217,292510
904.739196777,49.3494110107,509.943908691,977.118347168,1420891217,292510
908.029174805,41.1245079041,667.861999512,1082.39709473,1420891217,292511
848.809875488,65.7992172241,904.739196777,1082.39709473,1420891217,292511
1019.88781738,42.7694892883,352.025787354,977.118347168,1420891217,292511
1013.30786133,93.7638778687,904.739196777,977.118347168,1420891217,292512
917.899047852,55.9293327332,562.583251953,950.79864502,1420891217,292512
891.579345703,64.1542358398,536.26361084,1003.43798828,1420891217,292512
868.549621582,100.343803406,957.378540039,1213.9954834,1420891217,292512
878.419494629,50.994392395,352.025787354,977.118347168,1420891217,292513
1039.62756348,60.8642730713,773.14074707,977.118347168,1420891217,292513
1039.62756348,50.994392395,694.18170166,1161.3560791,1420891217,360035
1013.30786133,21.3847446442,667.861999512,924.478942871,1420891217,360037
934.348815918,75.6690979004,931.058898926,1056.07739258,1420891217,360037
934.348815918,52.6393699646,588.902954102,1029.75769043,1420891217,360038
1039.62756348,31.2546272278,773.14074707,1213.9954834,1420891217,360038
1118.58666992,9.86988162994,615.22265625,924.478942871,1420891217,360038
1065.94726562,59.219291687,825.780151367,1135.03637695,1420891217,360039
1013.30786133,50.994392395,509.943908691,845.519897461,1420891217,360039
1118.58666992,90.4739151001,641.542358398,898.159240723,1420891217,360039
1013.30786133,106.923721313,773.14074707,1135.03637695,1420891217,360040
1171.22595215,46.0594482422,694.18170166,977.118347168,1420891217,360040
1171.22595215,69.0891723633,720.501403809,977.118347168,1420891217,360040
1118.58666992,16.449804306,562.583251953,924.478942871,1420891217,360040
1118.58666992,59.219291687,694.18170166,950.79864502,1420891217,360041
1065.94726562,54.2843513489,694.18170166,977.118347168,1420891217,360041
1144.90637207,34.5445861816,878.419494629,1266.6348877,1420891217,360041
1184.38586426,14.8048229218,536.26361084,871.839599609,1420891217,432461
1105.42675781,49.3494110107,1010.01794434,1135.03637695,1420891217,432463
1059.36730957,50.994392395,483.624206543,924.478942871,1420891217,432463
1039.62756348,44.4144706726,983.698242188,1082.39709473,1420891217,432464
1052.78747559,41.1245079041,378.345489502,1082.39709473,1420891217,432465
1164.64611816,44.4144706726,825.780151367,1003.43798828,1420891217,432465
1197.5456543,49.3494110107,562.583251953,845.519897461,1420891217,432465
1112.00671387,54.2843513489,667.861999512,871.839599609,1420891217,432465
1098.84692383,47.7044296265,720.501403809,1029.75769043,1420891217,432466
1059.36730957,46.0594482422,509.943908691,1003.43798828,1420891217,432466
1151.48620605,41.1245079041,852.09979248,1266.6348877,1420891217,432466
1184.38586426,50.994392395,509.943908691,924.478942871,1420891217,432467
1125.16650391,50.994392395,720.501403809,1056.07739258,1420891217,432467
1052.78747559,44.4144706726,641.542358398,1082.39709473,1420891217,432467
1059.36730957,36.1895675659,878.419494629,1161.3560791,1420891217,432467
1059.36730957,31.2546272278,536.26361084,1108.71679688,1420891217,432468
1112.00671387,50.994392395,694.18170166,1187.67578125,1420891217,511273
1164.64611816,39.4795265198,509.943908691,977.118347168,1420891217,511275
1033.04760742,26.3196849823,404.665161133,950.79864502,1420891217,511275
1006.72796631,39.4795265198,667.861999512,1135.03637695,1420891217,511276
1006.72796631,44.4144706726,852.09979248,1108.71679688,1420891217,511276
1085.68701172,36.1895675659,694.18170166,1213.9954834,1420891217,511276
1085.68701172,39.4795265198,720.501403809,1003.43798828,1420891217,511277
1085.68701172,41.1245079041,457.304534912,1003.43798828,1420891217,511277
980.40826416,41.1245079041,773.14074707,1003.43798828,1420891217,511277
1006.72796631,34.5445861816,641.542358398,1187.67578125,1420891217,511278
1006.72796631,34.5445861816,615.22265625,1161.3560791,1420891217,511278
1059.36730957,41.1245079041,878.419494629,1161.3560791,1420891217,511278
1164.64611816,44.4144706726,273.066741943,950.79864502,1420891217,511279
1085.68701172,101.98878479,931.058898926,950.79864502,1420891217,511279
1006.72796631,67.444190979,641.542358398,1082.39709473,1420891217,511280
1006.72796631,32.8996086121,483.624206543,1003.43798828,1420891217,511280
1072.52722168,65.7992172241,799.460449219,1029.75769043,1420891217,579973
1085.68701172,44.4144706726,562.583251953,924.478942871,1420891217,579974
980.40826416,46.0594482422,1010.01794434,1135.03637695,1420891217,579975
927.768920898,55.9293327332,588.902954102,1029.75769043,1420891217,579975
1019.88781738,92.1188964844,694.18170166,1213.9954834,1420891217,579975
980.40826416,97.0538406372,667.861999512,1108.71679688,1420891217,579976
1006.72796631,46.0594482422,667.861999512,1161.3560791,1420891217,579976
1098.84692383,74.0241165161,430.984863281,924.478942871,1420891217,579976
1006.72796631,75.6690979004,615.22265625,950.79864502,1420891217,579977
954.088623047,87.1839599609,641.542358398,977.118347168,1420891217,579977
980.40826416,54.2843513489,562.583251953,950.79864502,1420891217,579977
1019.88781738,47.7044296265,904.739196777,1266.6348877,1420891217,579978
1033.04760742,9.86988162994,352.025787354,924.478942871,1420891217,579980
1019.88781738,60.8642730713,931.058898926,1108.71679688,1420891217,579980
901.44921875,57.5743103027,562.583251953,845.519897461,1420891217,579980
901.44921875,72.3791351318,931.058898926,977.118347168,1420891217,579980
980.40826416,60.8642730713,457.304534912,1108.71679688,1420891217,655027
1112.00671387,42.7694892883,483.624206543,950.79864502,1420891217,655030
1112.00671387,67.444190979,694.18170166,950.79864502,1420891217,655030
1059.36730957,70.7341537476,773.14074707,924.478942871,1420891217,655031
1006.72796631,69.0891723633,825.780151367,1082.39709473,1420891217,655032
1059.36730957,50.994392395,483.624206543,1029.75769043,1420891217,655032
1138.32641602,37.8345489502,588.902954102,1056.07739258,1420891217,655032
1138.32641602,9.86988162994,509.943908691,898.159240723,1420891217,655032
1033.04760742,62.5092544556,1115.29663086,1161.3560791,1420891217,655033
1006.72796631,52.6393699646,430.984863281,924.478942871,1420891217,655033
1112.00671387,106.923721313,667.861999512,977.118347168,1420891217,655033
1112.00671387,110.213684082,562.583251953,1056.07739258,1420891217,655034
1190.96582031,50.994392395,615.22265625,1003.43798828,1420891217,655034
1190.96582031,75.6690979004,615.22265625,871.839599609,1420891217,655034
1138.32641602,24.6747055054,509.943908691,950.79864502,1420891217,655035
1112.00671387,74.0241165161,694.18170166,977.118347168,1420891217,655035
865.259643555,41.1245079041,498.429046631,904.739196777,1420891217,655036
891.579345703,27.9646663666,919.544006348,1273.21484375,1420891217,732482
891.579345703,0.0,366.830627441,825.780151367,1420891217,732484
786.300598145,44.4144706726,1077.4621582,1062.65734863,1420891217,732484
733.661254883,42.7694892883,630.02746582,1010.01794434,1420891217,732485
759.980895996,16.449804306,814.265258789,1167.93603516,1420891217,732485
812.620300293,23.0297241211,498.429046631,983.698242188,1420891217,732485
838.940002441,39.4795265198,445.789672852,904.739196777,1420891217,732486
838.940002441,39.4795265198,551.06842041,720.501403809,1420891217,732486
812.620300293,92.1188964844,630.02746582,878.419494629,1420891217,732486
681.021850586,74.0241165161,998.503051758,1141.61633301,1420891217,732487
812.620300293,29.6096458435,498.429046631,957.378540039,1420891217,732487
865.259643555,44.4144706726,498.429046631,852.09979248,1420891217,732487
838.940002441,0.0,551.06842041,852.09979248,1420891217,732487
759.980895996,44.4144706726,866.904663086,1088.97692871,1420891217,732488
681.021850586,39.4795265198,551.06842041,957.378540039,1420891217,732488
733.661254883,32.8996086121,866.904663086,1115.29663086,1420891217,732488
812.620300293,29.6096458435,366.830627441,1010.01794434,1420891217,811256
865.259643555,34.5445861816,603.707763672,957.378540039,1420891217,811259
838.940002441,44.4144706726,708.98651123,904.739196777,1420891217,811259
838.940002441,90.4739151001,524.748718262,983.698242188,1420891217,811260
759.980895996,72.3791351318,708.98651123,1010.01794434,1420891217,811260
865.259643555,31.2546272278,445.789672852,1010.01794434,1420891217,811261
865.259643555,44.4144706726,1209.06054688,1273.21484375,1420891217,811261
891.579345703,0.0,419.470001221,852.09979248,1420891217,811262
838.940002441,46.0594482422,551.06842041,957.378540039,1420891217,811262
759.980895996,39.4795265198,551.06842041,904.739196777,1420891217,811263
917.899047852,70.7341537476,445.789672852,852.09979248,1420891217,811263
865.259643555,116.79360199,1024.82275391,1036.33764648,1420891217,811263
812.620300293,29.6096458435,524.748718262,957.378540039,1420891217,811264
865.259643555,64.1542358398,498.429046631,720.501403809,1420891217,811264
838.940002441,47.7044296265,656.347167969,799.460449219,1420891217,811265
786.300598145,65.7992172241,656.347167969,1036.33764648,1420891217,811265
970.538391113,41.1245079041,603.707763672,957.378540039,1420891217,877518
944.218688965,39.4795265198,919.544006348,825.780151367,1420891217,877520
944.218688965,0.0,419.470001221,878.419494629,1420891217,877521
838.940002441,41.1245079041,1130.10144043,1088.97692871,1420891217,877521
838.940002441,50.994392395,761.625915527,1010.01794434,1420891217,877521
654.702148438,44.4144706726,866.904663086,746.821105957,1420891217,877522
996.858093262,44.4144706726,814.265258789,746.821105957,1420891217,877522
233.587203979,31.2546272278,551.06842041,615.22265625,1420891217,877522
128.30847168,47.7044296265,945.863708496,825.780151367,1420891217,877523
523.103759766,0.0,393.150299072,167.787994385,1420891217,877523
575.743103027,29.6096458435,761.625915527,378.345489502,1420891217,877523
128.30847168,42.7694892883,761.625915527,746.821105957,1420891217,877524
128.30847168,24.6747055054,1103.78186035,641.542358398,1420891217,877524
575.743103027,16.449804306,393.150299072,562.583251953,1420891217,877524
391.505310059,32.8996086121,603.707763672,483.624206543,1420891217,877524
391.505310059,34.5445861816,998.503051758,746.821105957,1420891217,877525
470.464385986,21.3847446442,287.871551514,667.861999512,1420891217,947584
523.103759766,24.6747055054,1077.4621582,852.09979248,1420891217,947586
575.743103027,32.8996086121,735.306213379,509.943908691,1420891217,947587
891.579345703,29.6096458435,445.789672852,588.902954102,1420891217,947587
365.185638428,23.0297241211,1024.82275391,799.460449219,1420891217,947587
444.144683838,27.9646663666,945.863708496,904.739196777,1420891217,947588
733.661254883,31.2546272278,630.02746582,773.14074707,1420891217,947588
891.579345703,37.8345489502,840.584960938,773.14074707,1420891217,947589
575.743103027,54.2843513489,972.183410645,931.058898926,1420891217,947589
681.021850586,24.6747055054,603.707763672,983.698242188,1420891217,947589
891.579345703,34.5445861816,919.544006348,825.780151367,1420891217,947590
865.259643555,21.3847446442,761.625915527,1088.97692871,1420891217,947590
733.661254883,23.0297241211,603.707763672,957.378540039,1420891217,947590
1075.81713867,34.5445861816,945.863708496,957.378540039,1420891217,947591
944.218688965,27.9646663666,814.265258789,1036.33764648,1420891217,947591
1233.73522949,77.3140792847,498.429046631,1036.33764648,1420891217,947592
1102.13684082,152.983169556,1077.4621582,1167.93603516,1420891218,18790
1102.13684082,23.0297241211,656.347167969,1668.01000977,1420891218,18792
1181.0958252,55.9293327332,1130.10144043,1641.69042969,1420891218,18792
1654.85021973,3.28996062279,498.429046631,1088.97692871,1420891218,18792
1654.85021973,13.1598424911,551.06842041,1615.37072754,1420891218,18793
1154.77624512,55.9293327332,1182.74084473,1615.37072754,1420891218,18793
1628.53051758,23.0297241211,814.265258789,1536.41162109,1420891218,18793
1654.85021973,14.8048229218,445.789672852,1352.17382812,1420891218,18794
1602.21081543,27.9646663666,1182.74084473,1641.69042969,1420891218,18794
1417.97302246,41.1245079041,498.429046631,1641.69042969,1420891218,18794
1681.16992188,21.3847446442,972.183410645,1483.7722168,1420891218,18794
1681.16992188,21.3847446442,919.544006348,1510.09191895,1420891218,18795
1549.5715332,32.8996086121,708.98651123,1615.37072754,1420891218,18795
1575.89111328,31.2546272278,1130.10144043,1615.37072754,1420891218,18795
1681.16992188,21.3847446442,603.707763672,1510.09191895,1420891218,18796
1681.16992188,26.3196849823,1130.10144043,1589.05102539,1420891218,18796
1559.44140625,32.8996086121,735.306213379,1618.66064453,1420891218,97514
1651.56030273,27.9646663666,787.945556641,1567.66625977,1420891218,97515
1682.81494141,24.6747055054,893.224304199,1531.47668457,1420891218,97517
1640.04541016,27.9646663666,866.904663086,1610.43579102,1420891218,97517
1603.85583496,29.6096458435,1077.4621582,1612.08068848,1420891218,97517
1676.23498535,26.3196849823,708.98651123,1551.21643066,1420891218,97518
1682.81494141,26.3196849823,840.584960938,1562.73132324,1420891218,97518
1630.17553711,27.9646663666,893.224304199,1605.50085449,1420891218,97518
1636.75549316,27.9646663666,1024.82275391,1582.47106934,1420891218,97527
1676.23498535,26.3196849823,340.510925293,1552.8614502,1420891218,97528
1663.07507324,27.9646663666,1130.10144043,1572.60119629,1420891218,97528
1636.75549316,27.9646663666,498.429046631,1589.05102539,1420891218,97528
1656.49523926,27.9646663666,1103.78186035,1567.66625977,1420891218,97529
1669.6550293,26.3196849823,1077.4621582,1559.44140625,1420891218,97529
1653.2052002,27.9646663666,551.06842041,1575.89111328,1420891218,97529
1646.62536621,27.9646663666,1024.82275391,1574.24621582,1420891218,97530
1663.07507324,27.9646663666,524.748718262,1562.73132324,1420891218,176282
1664.72009277,27.9646663666,1103.78186035,1564.37634277,1420891218,176284
1653.2052002,27.9646663666,1103.78186035,1572.60119629,1420891218,176284
1654.85021973,27.9646663666,630.02746582,1569.3112793,1420891218,176284
1663.07507324,27.9646663666,972.183410645,1564.37634277,1420891218,176285
1659.78515625,27.9646663666,972.183410645,1567.66625977,1420891218,176285
1654.85021973,27.9646663666,972.183410645,1570.95617676,1420891218,176285
1658.14013672,27.9646663666,814.265258789,1567.66625977,1420891218,176285
1661.43017578,27.9646663666,1024.82275391,1566.02124023,1420891218,176286
1658.14013672,27.9646663666,840.584960938,1569.3112793,1420891218,176286
1656.49523926,27.9646663666,787.945556641,1569.3112793,1420891218,176286
1659.78515625,27.9646663666,1235.38024902,1567.66625977,1420891218,176287
1659.78515625,27.9646663666,472.109344482,1567.66625977,1420891218,176287
1656.49523926,27.9646663666,893.224304199,1569.3112793,1420891218,176287
1658.14013672,27.9646663666,1182.74084473,1567.66625977,1420891218,176287
1659.78515625,27.9646663666,603.707763672,1567.66625977,1420891218,176288
1659.78515625,27.9646663666,1156.42114258,1567.66625977,1420891218,240013
1659.78515625,27.9646663666,1051.14245605,1593.98596191,1420891218,240015
1659.78515625,27.9646663666,814.265258789,1593.98596191,1420891218,240015
1659.78515625,27.9646663666,1103.78186035,1593.98596191,1420891218,240015
1659.78515625,27.9646663666,735.306213379,1014.95288086,1420891218,240016
1659.78515625,27.9646663666,866.904663086,304.321350098,1420891218,240016
1554.50646973,27.9646663666,972.183410645,1488.70715332,1420891218,240016
1264.98986816,27.9646663666,1051.14245605,1067.59228516,1420891218,240017
1633.4654541,27.9646663666,524.748718262,462.239471436,1420891218,240017
1528.18676758,39.4795265198,708.98651123,567.518188477,1420891218,240017
764.91583252,152.983169556,1419.61804199,935.993835449,1420891218,240018
606.997741699,100.343803406,840.584960938,804.395385742,1420891218,240018
1370.26867676,34.5445861816,735.306213379,672.796936035,1420891218,240018
1054.43237305,75.6690979004,972.183410645,488.559173584,1420891218,240018
528.038696289,50.994392395,735.306213379,593.837890625,1420891218,240019
922.833984375,52.6393699646,1024.82275391,567.518188477,1420891218,240019
1108.71679688,46.0594482422,445.789672852,500.074035645,1420891218,240020
661.282104492,36.1895675659,577.388122559,447.434661865,1420891218,313750
608.642700195,24.6747055054,893.224304199,526.393737793,1420891218,313753
871.839599609,47.7044296265,419.470001221,473.754333496,1420891218,313753
871.839599609,42.7694892883,919.544006348,473.754333496,1420891218,313754
608.642700195,3.28996062279,603.707763672,421.114959717,1420891218,313754
661.282104492,26.3196849823,419.470001221,342.155914307,1420891218,313754
608.642700195,49.3494110107,656.347167969,552.713378906,1420891218,313755
529.683654785,41.1245079041,656.347167969,184.237792969,1420891218,313755
766.560852051,19.7397632599,393.150299072,26.3196849823,1420891218,313756
529.683654785,32.8996086121,419.470001221,210.557479858,1420891218,313756
503.363983154,39.4795265198,708.98651123,263.196868896,1420891218,313756
503.363983154,13.1598424911,287.871551514,0.0,1420891218,313757
634.962402344,26.3196849823,1077.4621582,26.3196849823,1420891218,313757
292.806488037,34.5445861816,419.470001221,157.918106079,1420891218,313757
292.806488037,27.9646663666,630.02746582,157.918106079,1420891218,313758
477.044311523,21.3847446442,735.306213379,0.0,1420891218,313758
345.445861816,29.6096458435,524.748718262,0.0,1420891218,391244
29.6096458435,31.2546272278,814.265258789,157.918106079,1420891218,391245
29.6096458435,24.6747055054,314.191253662,26.3196849823,1420891218,391246
398.085235596,24.6747055054,156.273132324,26.3196849823,1420891218,391246
108.568702698,29.6096458435,735.306213379,78.9590530396,1420891218,391246
55.9293327332,29.6096458435,814.265258789,131.598434448,1420891218,391247
161.208068848,24.6747055054,314.191253662,473.754333496,1420891218,391247
240.167129517,26.3196849823,340.510925293,763.270874023,1420891218,391247
108.568702698,29.6096458435,551.06842041,184.237792969,1420891218,391248
213.847442627,27.9646663666,551.06842041,368.475585938,1420891218,391248
187.527755737,26.3196849823,314.191253662,815.91027832,1420891218,391248
240.167129517,27.9646663666,682.666870117,842.229919434,1420891218,391248
529.683654785,29.6096458435,287.871551514,394.795288086,1420891218,391249
582.323059082,42.7694892883,551.06842041,842.229919434,1420891218,391249
319.126190186,39.4795265198,787.945556641,1131.74645996,1420891218,391249
477.044311523,24.6747055054,129.953445435,657.992126465,1420891218,391250
819.200195312,32.8996086121,630.02746582,552.713378906,1420891218,461250
424.404937744,19.7397632599,498.429046631,1000.14807129,1420891218,461252
424.404937744,29.6096458435,893.224304199,1079.10705566,1420891218,461252
661.282104492,29.6096458435,182.592819214,657.992126465,1420891218,461253
792.880554199,37.8345489502,498.429046631,710.631530762,1420891218,461253
398.085235596,52.6393699646,551.06842041,921.188964844,1420891218,461253
450.724609375,23.0297241211,551.06842041,947.508666992,1420891218,461254
634.962402344,36.1895675659,419.470001221,789.590576172,1420891218,461254
634.962402344,19.7397632599,287.871551514,789.590576172,1420891218,461255
608.642700195,24.6747055054,340.510925293,815.91027832,1420891218,461255
582.323059082,34.5445861816,340.510925293,815.91027832,1420891218,461255
766.560852051,26.3196849823,524.748718262,763.270874023,1420891218,461256
661.282104492,23.0297241211,156.273132324,789.590576172,1420891218,461256
661.282104492,27.9646663666,735.306213379,947.508666992,1420891218,461256
713.921447754,31.2546272278,50.994392395,736.951171875,1420891218,461257
713.921447754,24.6747055054,656.347167969,736.951171875,1420891218,461257
503.363983154,26.3196849823,208.912506104,815.91027832,1420891218,534960
582.323059082,29.6096458435,419.470001221,815.91027832,1420891218,534964
582.323059082,31.2546272278,340.510925293,815.91027832,1420891218,534964
582.323059082,67.444190979,498.429046631,736.951171875,1420891218,534964
661.282104492,67.444190979,498.429046631,710.631530762,1420891218,534965
424.404937744,16.449804306,261.551879883,684.311828613,1420891218,534965
371.765563965,44.4144706726,708.98651123,789.590576172,1420891218,534965
424.404937744,4.93494081497,24.6747055054,657.992126465,1420891218,534966
529.683654785,32.8996086121,814.265258789,763.270874023,1420891218,534966
292.806488037,36.1895675659,24.6747055054,605.352783203,1420891218,534966
240.167129517,23.0297241211,524.748718262,684.311828613,1420891218,534967
319.126190186,21.3847446442,314.191253662,657.992126465,1420891218,534967
319.126190186,31.2546272278,551.06842041,657.992126465,1420891218,534967
0.0,31.2546272278,419.470001221,842.229919434,1420891218,534967
131.598434448,23.0297241211,340.510925293,657.992126465,1420891218,534968
394.795288086,26.3196849823,393.150299072,579.033081055,1420891218,534968
131.598434448,31.2546272278,314.191253662,394.795288086,1420891218,611380
0.0,27.9646663666,919.544006348,763.270874023,1420891218,611382
78.9590530396,24.6747055054,0.0,289.516540527,1420891218,611382
263.196868896,27.9646663666,684.311828613,368.475585938,1420891218,611382
0.0,29.6096458435,236.877166748,500.074035645,1420891218,611383
0.0,26.3196849823,1052.78747559,447.434661865,1420891218,611383
131.598434448,26.3196849823,315.836212158,0.0,1420891218,611383
131.598434448,27.9646663666,78.9590530396,131.598434448,1420891218,611384
0.0,27.9646663666,736.951171875,526.393737793,1420891218,611384
0.0,26.3196849823,447.434661865,157.918106079,1420891218,611384
105.278739929,27.9646663666,710.631530762,0.0,1420891218,611384
26.3196849823,27.9646663666,368.475585938,105.278739929,1420891218,611385
0.0,27.9646663666,289.516540527,289.516540527,1420891218,611385
26.3196849823,26.3196849823,657.992126465,0.0,1420891218,611385
52.6393699646,27.9646663666,631.672424316,0.0,1420891218,611386
0.0,27.9646663666,736.951171875,157.918106079,1420891218,611386
0.0,27.9646663666,157.918106079,105.278739929,1420891218,672539
55.9293327332,27.9646663666,736.951171875,0.0,1420891218,672540
52.6393699646,27.9646663666,315.836212158,0.0,1420891218,672540
6.57992124557,27.9646663666,842.229919434,131.598434448,1420891218,672540
24.6747055054,27.9646663666,315.836212158,78.9590530396,1420891218,672541
57.5743103027,27.9646663666,473.754333496,210.557479858,1420891218,672541
39.4795265198,27.9646663666,736.951171875,157.918106079,1420891218,672541
21.3847446442,27.9646663666,579.033081055,157.918106079,1420891218,672542
42.7694892883,27.9646663666,579.033081055,236.877166748,1420891218,672542
54.2843513489,27.9646663666,315.836212158,394.795288086,1420891218,672542
37.8345489502,27.9646663666,1000.14807129,131.598434448,1420891218,672543
34.5445861816,27.9646663666,368.475585938,184.237792969,1420891218,672543
49.3494110107,27.9646663666,684.311828613,579.033081055,1420891218,672543
47.7044296265,27.9646663666,684.311828613,605.352783203,1420891218,672544
41.1245079041,27.9646663666,263.196868896,263.196868896,1420891218,672544
46.0594482422,27.9646663666,947.508666992,421.114959717,1420891218,672544
49.3494110107,27.9646663666,684.311828613,631.672424316,1420891218,752520
47.7044296265,27.9646663666,342.155914307,210.557479858,1420891218,752523
41.1245079041,27.9646663666,947.508666992,315.836212158,1420891218,752523
46.0594482422,27.9646663666,500.074035645,289.516540527,1420891218,752523
47.7044296265,27.9646663666,868.549621582,579.033081055,1420891218,752524
44.4144706726,27.9646663666,631.672424316,210.557479858,1420891218,752524
42.7694892883,27.9646663666,631.672424316,236.877166748,1420891218,752524
47.7044296265,27.9646663666,526.393737793,263.196868896,1420891218,752525
47.7044296265,27.9646663666,947.508666992,473.754333496,1420891218,752525
93.7638778687,27.9646663666,500.074035645,368.475585938,1420891218,752525
121.728546143,27.9646663666,552.713378906,315.836212158,1420891218,752526
36.1895675659,27.9646663666,763.270874023,342.155914307,1420891218,752526
72.3791351318,27.9646663666,579.033081055,157.918106079,1420891218,752526
55.9293327332,27.9646663666,973.828369141,394.795288086,1420891218,752526
