TP9,FP1,FP2,TP10,timestamp,duration
748.466064453,827.425109863,819.200195312,865.259643555,1420890015,870332
827.425109863,801.105407715,806.040344238,865.259643555,1420890015,870334
827.425109863,801.105407715,845.519897461,759.980895996,1420890015,870334
866.904663086,827.425109863,858.679748535,786.300598145,1420890015,870335
735.306213379,827.425109863,871.839599609,865.259643555,1420890015,870335
735.306213379,880.064453125,898.159240723,865.259643555,1420890015,870335
787.945556641,722.146362305,740.241149902,865.259643555,1420890015,870336
827.425109863,722.146362305,713.921447754,812.620300293,1420890015,870336
919.544006348,722.146362305,674.441955566,812.620300293,1420890015,870336
801.105407715,827.425109863,858.679748535,838.940002441,1420890015,870337
801.105407715,880.064453125,911.319091797,944.218688965,1420890015,870337
827.425109863,827.425109863,911.319091797,891.579345703,1420890015,870337
840.584960938,774.785766602,832.360046387,891.579345703,1420890015,870337
722.146362305,932.703857422,977.118347168,838.940002441,1420890015,870338
959.02355957,827.425109863,858.679748535,786.300598145,1420890015,870338
787.945556641,774.785766602,753.401000977,891.579345703,1420890015,870338
761.625915527,932.703857422,990.278137207,931.058898926,1420890015,945311
893.224304199,695.826660156,753.401000977,917.899047852,1420890015,945312
919.544006348,669.507019043,753.401000977,852.09979248,1420890015,945313
919.544006348,669.507019043,753.401000977,852.09979248,1420890015,945313
761.625915527,932.703857422,1095.55688477,983.698242188,1420890015,945313
761.625915527,880.064453125,1016.59783936,1010.01794434,1420890015,945314
735.306213379,880.064453125,1042.91748047,1010.01794434,1420890015,945314
866.904663086,748.466064453,937.638793945,931.058898926,1420890015,945314
840.584960938,827.425109863,1042.91748047,931.058898926,1420890015,945315
919.544006348,827.425109863,1016.59783936,891.579345703,1420890015,945315
840.584960938,722.146362305,911.319091797,1075.81713867,1420890015,945315
814.265258789,853.744812012,1042.91748047,1023.17779541,1420890015,945316
893.224304199,590.547912598,727.081298828,970.538391113,1420890015,945316
840.584960938,774.785766602,963.958496094,944.218688965,1420890015,945316
919.544006348,801.105407715,990.278137207,865.259643555,1420890015,945316
893.224304199,669.507019043,832.360046387,1023.17779541,1420890015,945317
814.265258789,853.744812012,1042.91748047,1023.17779541,1420890016,31592
866.904663086,853.744812012,1121.87658691,1128.45654297,1420890016,31594
893.224304199,748.466064453,990.278137207,970.538391113,1420890016,31594
893.224304199,801.105407715,1095.55688477,1102.13684082,1420890016,31594
919.544006348,801.105407715,1042.91748047,996.858093262,1420890016,31595
735.306213379,801.105407715,937.638793945,1154.77624512,1420890016,31595
761.625915527,906.384155273,1121.87658691,1181.0958252,1420890016,31595
787.945556641,827.425109863,1042.91748047,1154.77624512,1420890016,31596
972.183410645,590.547912598,832.360046387,1049.49743652,1420890016,31596
919.544006348,616.867614746,806.040344238,996.858093262,1420890016,31596
761.625915527,932.703857422,1174.51599121,1154.77624512,1420890016,31596
761.625915527,853.744812012,1042.91748047,1128.45654297,1420890016,31597
814.265258789,853.744812012,1095.55688477,1233.73522949,1420890016,31610
893.224304199,774.785766602,1042.91748047,1049.49743652,1420890016,31611
945.863708496,669.507019043,963.958496094,1102.13684082,1420890016,31611
919.544006348,880.064453125,1121.87658691,1075.81713867,1420890016,31612
919.544006348,695.826660156,884.999450684,1260.05493164,1420890016,95318
787.945556641,906.384155273,1095.55688477,1233.73522949,1420890016,95320
919.544006348,827.425109863,1095.55688477,1233.73522949,1420890016,95321
893.224304199,774.785766602,911.319091797,1181.0958252,1420890016,95321
972.183410645,959.02355957,1174.51599121,1075.81713867,1420890016,95321
893.224304199,801.105407715,884.999450684,1154.77624512,1420890016,95322
866.904663086,906.384155273,1016.59783936,1154.77624512,1420890016,95322
919.544006348,906.384155273,1148.19628906,1233.73522949,1420890016,95322
945.863708496,801.105407715,990.278137207,1102.13684082,1420890016,95323
972.183410645,722.146362305,832.360046387,1154.77624512,1420890016,95323
972.183410645,906.384155273,1042.91748047,1049.49743652,1420890016,95323
972.183410645,695.826660156,806.040344238,1207.41552734,1420890016,95324
840.584960938,906.384155273,1042.91748047,1207.41552734,1420890016,95324
972.183410645,748.466064453,884.999450684,1102.13684082,1420890016,95324
972.183410645,722.146362305,858.679748535,1207.41552734,1420890016,95325
972.183410645,827.425109863,937.638793945,1049.49743652,1420890016,95325
840.584960938,959.02355957,1121.87658691,1233.73522949,1420890016,170321
840.584960938,906.384155273,1016.59783936,1181.0958252,1420890016,170323
893.224304199,827.425109863,990.278137207,1207.41552734,1420890016,170324
972.183410645,801.105407715,963.958496094,1102.13684082,1420890016,170324
972.183410645,774.785766602,963.958496094,1181.0958252,1420890016,170324
945.863708496,932.703857422,1069.23718262,1102.13684082,1420890016,170325
814.265258789,906.384155273,1016.59783936,1260.05493164,1420890016,170325
814.265258789,906.384155273,1042.91748047,1286.37463379,1420890016,170325
814.265258789,959.02355957,1121.87658691,1286.37463379,1420890016,170326
893.224304199,748.466064453,884.999450684,1154.77624512,1420890016,170326
919.544006348,906.384155273,1016.59783936,1102.13684082,1420890016,170326
866.904663086,801.105407715,858.679748535,1207.41552734,1420890016,170326
814.265258789,906.384155273,990.278137207,1207.41552734,1420890016,170327
866.904663086,932.703857422,1121.87658691,1286.37463379,1420890016,170327
919.544006348,827.425109863,990.278137207,1128.45654297,1420890016,170327
919.544006348,801.105407715,911.319091797,1154.77624512,1420890016,170328
919.544006348,906.384155273,1042.91748047,1102.13684082,1420890016,239090
919.544006348,722.146362305,779.720703125,1286.37463379,1420890016,239091
787.945556641,932.703857422,1069.23718262,1339.01403809,1420890016,239092
919.544006348,906.384155273,1095.55688477,1286.37463379,1420890016,239092
998.503051758,722.146362305,858.679748535,1233.73522949,1420890016,239092
945.863708496,827.425109863,963.958496094,1181.0958252,1420890016,239092
840.584960938,985.343200684,1095.55688477,1260.05493164,1420890016,239093
840.584960938,880.064453125,937.638793945,1260.05493164,1420890016,239093
919.544006348,722.146362305,779.720703125,1286.37463379,1420890016,239093
998.503051758,827.425109863,858.679748535,1181.0958252,1420890016,239094
972.183410645,853.744812012,990.278137207,1207.41552734,1420890016,239094
945.863708496,932.703857422,1016.59783936,1128.45654297,1420890016,239094
945.863708496,774.785766602,858.679748535,1260.05493164,1420890016,239096
840.584960938,853.744812012,937.638793945,1339.01403809,1420890016,239096
972.183410645,827.425109863,911.319091797,1312.69433594,1420890016,239097
945.863708496,801.105407715,911.319091797,1181.0958252,1420890016,239098
945.863708496,906.384155273,963.958496094,1181.0958252,1420890016,314093
919.544006348,880.064453125,963.958496094,1207.41552734,1420890016,314095
866.904663086,853.744812012,884.999450684,1260.05493164,1420890016,314095
866.904663086,932.703857422,1069.23718262,1312.69433594,1420890016,314095
998.503051758,827.425109863,963.958496094,1154.77624512,1420890016,314096
840.584960938,906.384155273,1016.59783936,1181.0958252,1420890016,314096
919.544006348,906.384155273,1016.59783936,1154.77624512,1420890016,314096
893.224304199,774.785766602,884.999450684,1339.01403809,1420890016,314097
814.265258789,827.425109863,937.638793945,1260.05493164,1420890016,314097
972.183410645,590.547912598,621.80255127,1181.0958252,1420890016,314097
972.183410645,748.466064453,884.999450684,1181.0958252,1420890016,314098
919.544006348,722.146362305,779.720703125,1128.45654297,1420890016,314098
814.265258789,959.02355957,1069.23718262,1286.37463379,1420890016,314098
840.584960938,827.425109863,911.319091797,1286.37463379,1420890016,314099
840.584960938,853.744812012,963.958496094,1365.33374023,1420890016,314099
998.503051758,801.105407715,937.638793945,1154.77624512,1420890016,314099
866.904663086,880.064453125,1042.91748047,1365.33374023,1420890016,390347
866.904663086,906.384155273,1042.91748047,1181.0958252,1420890016,390348
893.224304199,643.187316895,779.720703125,1339.01403809,1420890016,390349
761.625915527,774.785766602,911.319091797,1391.65332031,1420890016,390349
945.863708496,616.867614746,753.401000977,1260.05493164,1420890016,390349
814.265258789,748.466064453,937.638793945,1233.73522949,1420890016,390350
814.265258789,932.703857422,1121.87658691,1233.73522949,1420890016,390350
735.306213379,853.744812012,1016.59783936,1444.29272461,1420890016,390350
735.306213379,853.744812012,1016.59783936,1391.65332031,1420890016,390351
866.904663086,695.826660156,858.679748535,1339.01403809,1420890016,390351
866.904663086,748.466064453,911.319091797,1260.05493164,1420890016,390351
708.98651123,853.744812012,990.278137207,1365.33374023,1420890016,390352
735.306213379,880.064453125,1042.91748047,1286.37463379,1420890016,390352
761.625915527,643.187316895,779.720703125,1417.97302246,1420890016,390352
708.98651123,722.146362305,884.999450684,1391.65332031,1420890016,390353
840.584960938,616.867614746,753.401000977,1286.37463379,1420890016,390353
799.460449219,804.395385742,815.91027832,963.958496094,1420890016,390354
799.460449219,1014.95288086,1026.46777344,806.040344238,1420890016,470370
812.620300293,830.715087891,815.91027832,884.999450684,1420890016,470373
812.620300293,830.715087891,815.91027832,911.319091797,1420890016,470374
944.218688965,699.116638184,684.311828613,858.679748535,1420890016,470374
957.378540039,751.75604248,710.631530762,832.360046387,1420890016,470375
917.899047852,778.075683594,789.590576172,884.999450684,1420890016,470375
865.259643555,909.674133301,921.188964844,832.360046387,1420890016,470376
812.620300293,778.075683594,736.951171875,911.319091797,1420890016,470376
825.780151367,778.075683594,736.951171875,990.278137207,1420890016,470376
931.058898926,672.796936035,605.352783203,832.360046387,1420890016,470377
917.899047852,778.075683594,789.590576172,911.319091797,1420890016,470377
865.259643555,909.674133301,894.86932373,832.360046387,1420890016,470380
825.780151367,883.354431152,894.86932373,937.638793945,1420890016,470380
838.940002441,857.034729004,868.549621582,937.638793945,1420890016,470381
931.058898926,778.075683594,815.91027832,937.638793945,1420890016,470382
983.698242188,778.075683594,815.91027832,832.360046387,1420890016,470382
825.780151367,830.715087891,815.91027832,963.958496094,1420890016,531625
825.780151367,935.993835449,947.508666992,884.999450684,1420890016,531626
773.14074707,804.395385742,789.590576172,1016.59783936,1420890016,531627
799.460449219,804.395385742,815.91027832,1069.23718262,1420890016,531627
799.460449219,857.034729004,894.86932373,963.958496094,1420890016,531627
878.419494629,804.395385742,815.91027832,937.638793945,1420890016,531628
773.14074707,830.715087891,815.91027832,937.638793945,1420890016,531628
746.821105957,935.993835449,947.508666992,1016.59783936,1420890016,531628
773.14074707,804.395385742,789.590576172,1016.59783936,1420890016,531629
852.09979248,699.116638184,684.311828613,1016.59783936,1420890016,531629
904.739196777,751.75604248,710.631530762,911.319091797,1420890016,531629
904.739196777,778.075683594,894.86932373,990.278137207,1420890016,531629
799.460449219,909.674133301,921.188964844,963.958496094,1420890016,531630
904.739196777,699.116638184,684.311828613,1069.23718262,1420890016,531630
799.460449219,778.075683594,763.270874023,1095.55688477,1420890016,531630
904.739196777,751.75604248,710.631530762,990.278137207,1420890016,531631
931.058898926,804.395385742,868.549621582,937.638793945,1420890016,602780
786.300598145,778.075683594,763.270874023,937.638793945,1420890016,602782
759.980895996,883.354431152,947.508666992,1016.59783936,1420890016,602782
773.14074707,778.075683594,842.229919434,1016.59783936,1420890016,602783
799.460449219,804.395385742,894.86932373,1016.59783936,1420890016,602783
891.579345703,804.395385742,921.188964844,858.679748535,1420890016,602783
720.501403809,830.715087891,894.86932373,1016.59783936,1420890016,602784
733.661254883,883.354431152,973.828369141,937.638793945,1420890016,602784
720.501403809,830.715087891,973.828369141,990.278137207,1420890016,602784
759.980895996,751.75604248,894.86932373,1042.91748047,1420890016,602784
838.940002441,646.477294922,789.590576172,937.638793945,1420890016,602785
878.419494629,778.075683594,921.188964844,911.319091797,1420890016,602785
812.620300293,672.796936035,789.590576172,937.638793945,1420890016,602785
667.861999512,935.993835449,1079.10705566,990.278137207,1420890016,602786
759.980895996,804.395385742,921.188964844,990.278137207,1420890016,602786
786.300598145,778.075683594,894.86932373,1042.91748047,1420890016,602786
865.259643555,830.715087891,973.828369141,832.360046387,1420890016,681555
838.940002441,725.436340332,894.86932373,924.478942871,1420890016,681557
733.661254883,883.354431152,1026.46777344,891.579345703,1420890016,681557
759.980895996,804.395385742,973.828369141,977.118347168,1420890016,681558
759.980895996,778.075683594,921.188964844,1003.43798828,1420890016,681558
759.980895996,778.075683594,921.188964844,858.679748535,1420890016,681558
838.940002441,778.075683594,973.828369141,891.579345703,1420890016,681559
654.702148438,804.395385742,973.828369141,871.839599609,1420890016,681559
707.341552734,804.395385742,973.828369141,957.378540039,1420890016,681559
707.341552734,646.477294922,842.229919434,950.79864502,1420890016,681560
733.661254883,751.75604248,1000.14807129,957.378540039,1420890016,681560
812.620300293,751.75604248,973.828369141,799.460449219,1420890016,681561
707.341552734,725.436340332,894.86932373,832.360046387,1420890016,681562
681.021850586,857.034729004,1052.78747559,858.679748535,1420890016,681562
786.300598145,567.518188477,710.631530762,931.058898926,1420890016,681563
759.980895996,725.436340332,921.188964844,990.278137207,1420890016,681563
799.460449219,725.436340332,921.188964844,990.278137207,1420890016,755321
825.780151367,725.436340332,947.508666992,832.360046387,1420890016,755323
641.542358398,830.715087891,1052.78747559,884.999450684,1420890016,755323
654.702148438,804.395385742,1052.78747559,1042.91748047,1420890016,755324
707.341552734,751.75604248,1026.46777344,990.278137207,1420890016,755324
825.780151367,514.878845215,789.590576172,937.638793945,1420890016,755324
825.780151367,646.477294922,947.508666992,832.360046387,1420890016,755325
707.341552734,593.837890625,868.549621582,884.999450684,1420890016,755325
654.702148438,699.116638184,1000.14807129,884.999450684,1420890016,755325
773.14074707,462.239471436,736.951171875,858.679748535,1420890016,755325
746.821105957,541.198547363,842.229919434,963.958496094,1420890016,755326
799.460449219,541.198547363,894.86932373,911.319091797,1420890016,755326
786.300598145,593.837890625,921.188964844,884.999450684,1420890016,755326
602.062805176,699.116638184,1052.78747559,937.638793945,1420890016,755327
641.542358398,646.477294922,973.828369141,990.278137207,1420890016,755327
667.861999512,620.157592773,947.508666992,963.958496094,1420890016,755327
825.780151367,435.919799805,763.270874023,911.319091797,1420890016,825306
825.780151367,541.198547363,894.86932373,832.360046387,1420890016,825308
641.542358398,646.477294922,973.828369141,884.999450684,1420890016,825308
641.542358398,646.477294922,973.828369141,911.319091797,1420890016,825308
773.14074707,409.600097656,710.631530762,963.958496094,1420890016,825309
773.14074707,462.239471436,815.91027832,963.958496094,1420890016,825309
720.501403809,620.157592773,1026.46777344,1042.91748047,1420890016,825309
773.14074707,620.157592773,973.828369141,858.679748535,1420890016,825309
588.902954102,672.796936035,1000.14807129,963.958496094,1420890016,825310
694.18170166,593.837890625,921.188964844,937.638793945,1420890016,825310
746.821105957,488.559173584,894.86932373,911.319091797,1420890016,825310
720.501403809,488.559173584,789.590576172,990.278137207,1420890016,825311
773.14074707,514.878845215,842.229919434,832.360046387,1420890016,825311
746.821105957,514.878845215,947.508666992,911.319091797,1420890016,825311
641.542358398,593.837890625,921.188964844,911.319091797,1420890016,825312
773.14074707,462.239471436,789.590576172,937.638793945,1420890016,825312
746.821105957,462.239471436,815.91027832,963.958496094,1420890016,896561
746.821105957,462.239471436,710.631530762,911.319091797,1420890016,896563
773.14074707,593.837890625,921.188964844,832.360046387,1420890016,896563
615.22265625,593.837890625,921.188964844,990.278137207,1420890016,896564
641.542358398,567.518188477,789.590576172,1016.59783936,1420890016,896564
694.18170166,435.919799805,631.672424316,990.278137207,1420890016,896564
694.18170166,514.878845215,710.631530762,990.278137207,1420890016,896565
746.821105957,567.518188477,710.631530762,884.999450684,1420890016,896565
641.542358398,567.518188477,710.631530762,1069.23718262,1420890016,896565
588.902954102,620.157592773,763.270874023,1016.59783936,1420890016,896565
588.902954102,620.157592773,789.590576172,1095.55688477,1420890016,896566
667.861999512,514.878845215,631.672424316,1016.59783936,1420890016,896566
588.902954102,593.837890625,736.951171875,990.278137207,1420890016,896567
720.501403809,593.837890625,736.951171875,963.958496094,1420890016,896568
720.501403809,356.960723877,473.754333496,1069.23718262,1420890016,896568
509.943908691,620.157592773,736.951171875,1069.23718262,1420890016,896569
694.18170166,488.559173584,631.672424316,1029.75769043,1420890016,971529
694.18170166,435.919799805,605.352783203,1069.23718262,1420890016,971531
707.341552734,620.157592773,789.590576172,911.319091797,1420890016,971531
707.341552734,488.559173584,736.951171875,1042.91748047,1420890016,971532
588.902954102,567.518188477,736.951171875,1042.91748047,1420890016,971532
588.902954102,567.518188477,763.270874023,1042.91748047,1420890016,971532
707.341552734,462.239471436,684.311828613,1042.91748047,1420890016,971533
694.18170166,514.878845215,789.590576172,1095.55688477,1420890016,971533
733.661254883,541.198547363,789.590576172,898.159240723,1420890016,971533
654.702148438,383.280426025,526.393737793,1082.39709473,1420890016,971534
588.902954102,567.518188477,763.270874023,1056.07739258,1420890016,971534
720.501403809,409.600097656,579.033081055,1029.75769043,1420890016,971534
694.18170166,462.239471436,736.951171875,1121.87658691,1420890016,971534
733.661254883,593.837890625,894.86932373,924.478942871,1420890016,971535
681.021850586,462.239471436,684.311828613,1042.91748047,1420890016,971535
602.062805176,541.198547363,736.951171875,1042.91748047,1420890016,971535
886.64440918,697.471679688,654.702148438,940.928771973,1420890016,971536
886.64440918,750.111022949,733.661254883,888.289367676,1420890017,51539
847.164855957,776.430725098,733.661254883,835.650024414,1420890017,51541
899.804260254,855.389770508,865.259643555,783.010620117,1420890017,51542
820.845214844,697.471679688,628.382507324,914.609069824,1420890017,51542
755.045959473,855.389770508,786.300598145,1072.52722168,1420890017,51542
860.324707031,776.430725098,707.341552734,993.568115234,1420890017,51543
965.60345459,697.471679688,707.341552734,940.928771973,1420890017,51543
899.804260254,750.111022949,759.980895996,861.969726562,1420890017,51543
807.68536377,881.709472656,891.579345703,967.248413086,1420890017,51543
781.365661621,829.070068359,786.300598145,993.568115234,1420890017,51544
886.64440918,697.471679688,628.382507324,940.928771973,1420890017,51544
926.123962402,750.111022949,733.661254883,940.928771973,1420890017,51544
912.964111328,750.111022949,707.341552734,914.609069824,1420890017,51545
886.64440918,908.029174805,891.579345703,861.969726562,1420890017,51545
820.845214844,829.070068359,733.661254883,1019.88781738,1420890017,51545
781.365661621,855.389770508,786.300598145,1019.88781738,1420890017,51546
860.324707031,829.070068359,786.300598145,980.40826416,1420890017,119013
860.324707031,829.070068359,786.300598145,1046.20751953,1420890017,119015
860.324707031,1039.62756348,1023.17779541,888.289367676,1420890017,119016
860.324707031,829.070068359,759.980895996,1006.72796631,1420890017,119016
781.365661621,908.029174805,786.300598145,1033.04760742,1420890017,119016
912.964111328,776.430725098,628.382507324,1033.04760742,1420890017,119017
912.964111328,829.070068359,707.341552734,993.568115234,1420890017,119017
807.68536377,960.668518066,891.579345703,967.248413086,1420890017,119017
860.324707031,960.668518066,891.579345703,927.768920898,1420890017,119018
728.726318359,960.668518066,917.899047852,1085.68701172,1420890017,119018
755.045959473,855.389770508,786.300598145,1033.04760742,1420890017,119018
834.005004883,750.111022949,602.062805176,1006.72796631,1420890017,119020
886.64440918,750.111022949,733.661254883,1006.72796631,1420890017,119020
860.324707031,750.111022949,628.382507324,901.44921875,1420890017,119020
860.324707031,881.709472656,891.579345703,1046.20751953,1420890017,119021
781.365661621,855.389770508,786.300598145,1046.20751953,1420890017,119021
781.365661621,855.389770508,786.300598145,1177.8059082,1420890017,210296
886.64440918,802.750427246,786.300598145,1019.88781738,1420890017,210298
755.045959473,908.029174805,891.579345703,1151.48620605,1420890017,210298
807.68536377,921.188964844,944.218688965,940.928771973,1420890017,210298
728.726318359,894.86932373,917.899047852,1098.84692383,1420890017,210299
702.406616211,868.549621582,838.940002441,1098.84692383,1420890017,210299
781.365661621,723.791320801,628.382507324,1046.20751953,1420890017,210299
912.964111328,763.270874023,786.300598145,993.568115234,1420890017,210299
807.68536377,697.471679688,654.702148438,993.568115234,1420890017,210300
755.045959473,881.709472656,812.620300293,1125.16650391,1420890017,210300
728.726318359,829.070068359,812.620300293,1125.16650391,1420890017,210300
755.045959473,842.229919434,812.620300293,1072.52722168,1420890017,210301
886.64440918,815.91027832,812.620300293,1072.52722168,1420890017,210301
781.365661621,921.188964844,970.538391113,1072.52722168,1420890017,210301
781.365661621,921.188964844,944.218688965,967.248413086,1420890017,210302
781.365661621,684.311828613,628.382507324,1125.16650391,1420890017,210302
702.406616211,868.549621582,865.259643555,1177.8059082,1420890017,266579
807.68536377,842.229919434,865.259643555,1098.84692383,1420890017,266581
834.005004883,815.91027832,865.259643555,1098.84692383,1420890017,266582
781.365661621,1026.46777344,1049.49743652,1019.88781738,1420890017,266582
728.726318359,1000.14807129,996.858093262,1230.4453125,1420890017,266583
728.726318359,921.188964844,970.538391113,1204.12561035,1420890017,266583
728.726318359,921.188964844,891.579345703,1204.12561035,1420890017,266583
860.324707031,921.188964844,944.218688965,1125.16650391,1420890017,266584
807.68536377,894.86932373,865.259643555,1125.16650391,1420890017,266584
781.365661621,1052.78747559,1049.49743652,1072.52722168,1420890017,266584
781.365661621,868.549621582,812.620300293,1151.48620605,1420890017,266585
702.406616211,947.508666992,917.899047852,1204.12561035,1420890017,266585
834.005004883,894.86932373,917.899047852,1098.84692383,1420890017,266586
834.005004883,894.86932373,944.218688965,1177.8059082,1420890017,266586
781.365661621,1079.10705566,1181.0958252,1072.52722168,1420890017,266586
781.365661621,921.188964844,944.218688965,1177.8059082,1420890017,266587
702.406616211,921.188964844,944.218688965,1204.12561035,1420890017,339036
860.324707031,815.91027832,838.940002441,1098.84692383,1420890017,339038
834.005004883,842.229919434,891.579345703,1098.84692383,1420890017,339038
702.406616211,1026.46777344,1154.77624512,1151.48620605,1420890017,339039
702.406616211,1026.46777344,1102.13684082,1072.52722168,1420890017,339039
702.406616211,894.86932373,944.218688965,1256.76501465,1420890017,339039
649.767211914,921.188964844,944.218688965,1204.12561035,1420890017,339040
728.726318359,868.549621582,838.940002441,1125.16650391,1420890017,339040
781.365661621,894.86932373,996.858093262,1151.48620605,1420890017,339040
649.767211914,815.91027832,812.620300293,1098.84692383,1420890017,339041
597.127868652,1052.78747559,1128.45654297,1204.12561035,1420890017,339041
623.447570801,921.188964844,1023.17779541,1230.4453125,1420890017,339042
676.086914062,921.188964844,996.858093262,1230.4453125,1420890017,339042
755.045959473,947.508666992,1049.49743652,1125.16650391,1420890017,339043
702.406616211,894.86932373,944.218688965,1177.8059082,1420890017,339043
649.767211914,1026.46777344,1102.13684082,1072.52722168,1420890017,339044
649.767211914,842.229919434,865.259643555,1151.48620605,1420890017,411596
649.767211914,868.549621582,944.218688965,1230.4453125,1420890017,411598
755.045959473,789.590576172,865.259643555,1072.52722168,1420890017,411598
702.406616211,868.549621582,996.858093262,1072.52722168,1420890017,411598
623.447570801,1026.46777344,1181.0958252,1046.20751953,1420890017,411599
597.127868652,973.828369141,1075.81713867,1177.8059082,1420890017,411599
623.447570801,947.508666992,1075.81713867,1177.8059082,1420890017,411599
755.045959473,789.590576172,865.259643555,1151.48620605,1420890017,411600
755.045959473,868.549621582,970.538391113,1072.52722168,1420890017,411600
702.406616211,789.590576172,786.300598145,1098.84692383,1420890017,411600
623.447570801,1000.14807129,1049.49743652,1046.20751953,1420890017,411601
702.406616211,815.91027832,838.940002441,1177.8059082,1420890017,411601
649.767211914,868.549621582,917.899047852,1177.8059082,1420890017,411601
649.767211914,947.508666992,1023.17779541,1125.16650391,1420890017,411601
702.406616211,894.86932373,970.538391113,1125.16650391,1420890017,411602
544.488464355,1052.78747559,1154.77624512,1019.88781738,1420890017,411602
597.127868652,947.508666992,1075.81713867,1098.84692383,1420890017,485321
597.127868652,894.86932373,1049.49743652,1098.84692383,1420890017,485323
676.086914062,763.270874023,838.940002441,888.289367676,1420890017,485323
702.406616211,842.229919434,970.538391113,940.928771973,1420890017,485323
518.168823242,973.828369141,1154.77624512,940.928771973,1420890017,485323
518.168823242,973.828369141,1128.45654297,914.609069824,1420890017,485324
491.849121094,921.188964844,1102.13684082,1072.52722168,1420890017,485324
570.808166504,815.91027832,996.858093262,967.248413086,1420890017,485324
649.767211914,605.352783203,681.021850586,861.969726562,1420890017,485325
649.767211914,868.549621582,1075.81713867,940.928771973,1420890017,485325
570.808166504,894.86932373,1128.45654297,888.289367676,1420890017,485325
544.488464355,894.86932373,1049.49743652,967.248413086,1420890017,485326
570.808166504,815.91027832,996.858093262,1019.88781738,1420890017,485326
623.447570801,815.91027832,1049.49743652,1019.88781738,1420890017,485326
676.086914062,815.91027832,1049.49743652,888.289367676,1420890017,485326
518.168823242,921.188964844,1181.0958252,914.609069824,1420890017,485327
491.849121094,947.508666992,1181.0958252,835.650024414,1420890017,556579
439.209747314,789.590576172,944.218688965,940.928771973,1420890017,556581
518.168823242,789.590576172,996.858093262,993.568115234,1420890017,556581
491.849121094,894.86932373,1128.45654297,940.928771973,1420890017,556582
570.808166504,842.229919434,1075.81713867,809.330322266,1420890017,556582
439.209747314,842.229919434,1075.81713867,835.650024414,1420890017,556582
465.529449463,868.549621582,1075.81713867,861.969726562,1420890017,556582
465.529449463,710.631530762,917.899047852,914.609069824,1420890017,556583
491.849121094,789.590576172,1023.17779541,861.969726562,1420890017,556583
544.488464355,789.590576172,1023.17779541,783.010620117,1420890017,556583
518.168823242,763.270874023,1023.17779541,783.010620117,1420890017,556584
439.209747314,894.86932373,1128.45654297,783.010620117,1420890017,556585
439.209747314,868.549621582,1128.45654297,888.289367676,1420890017,556586
465.529449463,789.590576172,1023.17779541,940.928771973,1420890017,556586
412.890075684,868.549621582,1102.13684082,888.289367676,1420890017,556587
597.127868652,815.91027832,1049.49743652,704.051574707,1420890017,556587
791.235534668,756.690979004,745.176086426,812.620300293,1420890017,556588
712.276489258,967.248413086,982.053283691,970.538391113,1420890017,634136
817.555236816,783.010620117,824.135131836,917.899047852,1420890017,634138
870.194580078,677.731872559,745.176086426,786.300598145,1420890017,634138
896.514282227,783.010620117,824.135131836,759.980895996,1420890017,634138
817.555236816,809.330322266,955.733581543,759.980895996,1420890017,634139
764.91583252,861.969726562,955.733581543,812.620300293,1420890017,634139
870.194580078,651.412231445,771.495788574,865.259643555,1420890017,634139
843.874938965,677.731872559,824.135131836,838.940002441,1420890017,634139
843.874938965,677.731872559,797.815490723,733.661254883,1420890017,634140
922.833984375,730.371276855,929.413879395,812.620300293,1420890017,634140
791.235534668,598.772827148,692.536743164,786.300598145,1420890017,634140
817.555236816,730.371276855,929.413879395,838.940002441,1420890017,634141
817.555236816,546.133483887,850.454833984,865.259643555,1420890017,634141
870.194580078,546.133483887,745.176086426,733.661254883,1420890017,634141
870.194580078,572.453186035,824.135131836,733.661254883,1420890017,634141
764.91583252,730.371276855,929.413879395,891.579345703,1420890017,634142
738.596191406,730.371276855,929.413879395,812.620300293,1420890017,706603
791.235534668,625.092529297,824.135131836,865.259643555,1420890017,706604
817.555236816,625.092529297,850.454833984,944.218688965,1420890017,706605
817.555236816,625.092529297,850.454833984,759.980895996,1420890017,706605
843.874938965,704.051574707,929.413879395,917.899047852,1420890017,706606
685.956787109,809.330322266,1113.6517334,891.579345703,1420890017,706606
738.596191406,651.412231445,797.815490723,891.579345703,1420890017,706606
791.235534668,493.494110107,666.217041016,944.218688965,1420890017,706607
870.194580078,572.453186035,824.135131836,838.940002441,1420890017,706607
870.194580078,546.133483887,745.176086426,838.940002441,1420890017,706608
685.956787109,835.650024414,1087.33203125,970.538391113,1420890017,706608
685.956787109,756.690979004,955.733581543,917.899047852,1420890017,706608
817.555236816,598.772827148,850.454833984,917.899047852,1420890017,706609
817.555236816,625.092529297,850.454833984,1023.17779541,1420890017,706609
791.235534668,730.371276855,955.733581543,944.218688965,1420890017,706610
843.874938965,730.371276855,955.733581543,891.579345703,1420890017,706610
738.596191406,519.813781738,666.217041016,996.858093262,1420890017,776529
712.276489258,730.371276855,929.413879395,996.858093262,1420890017,776531
791.235534668,519.813781738,771.495788574,996.858093262,1420890017,776531
685.956787109,704.051574707,903.094238281,917.899047852,1420890017,776531
764.91583252,809.330322266,1061.0123291,838.940002441,1420890017,776532
738.596191406,704.051574707,955.733581543,944.218688965,1420890017,776532
659.637145996,756.690979004,955.733581543,944.218688965,1420890017,776532
659.637145996,704.051574707,876.774536133,1023.17779541,1420890017,776532
738.596191406,677.731872559,876.774536133,970.538391113,1420890017,776533
738.596191406,546.133483887,639.897338867,812.620300293,1420890017,776533
764.91583252,783.010620117,1008.3729248,865.259643555,1420890017,776535
633.317443848,809.330322266,1061.0123291,891.579345703,1420890017,776535
659.637145996,756.690979004,903.094238281,917.899047852,1420890017,776535
738.596191406,598.772827148,797.815490723,917.899047852,1420890017,776536
791.235534668,598.772827148,797.815490723,733.661254883,1420890017,776536
764.91583252,572.453186035,718.856384277,759.980895996,1420890017,776537
659.637145996,783.010620117,982.053283691,838.940002441,1420890017,851538
633.317443848,783.010620117,982.053283691,865.259643555,1420890017,851540
764.91583252,651.412231445,876.774536133,917.899047852,1420890017,851540
764.91583252,651.412231445,903.094238281,891.579345703,1420890017,851540
685.956787109,756.690979004,1034.69262695,812.620300293,1420890017,851541
764.91583252,756.690979004,1008.3729248,759.980895996,1420890017,851541
685.956787109,572.453186035,718.856384277,865.259643555,1420890017,851541
685.956787109,756.690979004,982.053283691,865.259643555,1420890017,851542
817.555236816,598.772827148,876.774536133,891.579345703,1420890017,851542
843.874938965,572.453186035,850.454833984,838.940002441,1420890017,851542
817.555236816,598.772827148,876.774536133,759.980895996,1420890017,851542
738.596191406,756.690979004,1034.69262695,1023.17779541,1420890017,851543
685.956787109,730.371276855,929.413879395,917.899047852,1420890017,851543
738.596191406,677.731872559,903.094238281,891.579345703,1420890017,851543
817.555236816,677.731872559,929.413879395,891.579345703,1420890017,851544
791.235534668,572.453186035,718.856384277,786.300598145,1420890017,851544
791.235534668,796.170471191,1034.69262695,786.300598145,1420890017,931539
659.637145996,875.129516602,1166.29101562,865.259643555,1420890017,931540
685.956787109,743.53112793,982.053283691,917.899047852,1420890017,931541
738.596191406,598.772827148,824.135131836,891.579345703,1420890017,931541
870.194580078,585.612976074,850.454833984,917.899047852,1420890017,931541
817.555236816,546.133483887,771.495788574,759.980895996,1420890017,931542
738.596191406,756.690979004,1034.69262695,759.980895996,1420890017,931542
685.956787109,743.53112793,1034.69262695,891.579345703,1420890017,931542
791.235534668,651.412231445,955.733581543,759.980895996,1420890017,931543
817.555236816,664.57208252,982.053283691,891.579345703,1420890017,931543
738.596191406,769.850830078,1087.33203125,838.940002441,1420890017,931543
764.91583252,783.010620117,1087.33203125,812.620300293,1420890017,931544
659.637145996,769.850830078,1061.0123291,944.218688965,1420890017,931544
685.956787109,743.53112793,1061.0123291,812.620300293,1420890017,931544
817.555236816,585.612976074,1008.3729248,865.259643555,1420890017,931544
817.555236816,585.612976074,955.733581543,812.620300293,1420890017,931545
791.235534668,559.293334961,903.094238281,786.300598145,1420890017,997793
738.596191406,769.850830078,1166.29101562,917.899047852,1420890017,997804
685.956787109,717.211425781,1061.0123291,917.899047852,1420890017,997804
685.956787109,796.170471191,1192.61071777,970.538391113,1420890017,997805
843.874938965,664.57208252,1061.0123291,917.899047852,1420890017,997805
791.235534668,532.973632812,824.135131836,812.620300293,1420890017,997805
791.235534668,769.850830078,1139.97143555,865.259643555,1420890017,997806
712.276489258,796.170471191,1218.93041992,944.218688965,1420890017,997806
659.637145996,769.850830078,1139.97143555,996.858093262,1420890017,997806
712.276489258,769.850830078,1166.29101562,944.218688965,1420890017,997807
843.874938965,585.612976074,955.733581543,812.620300293,1420890017,997808
791.235534668,717.211425781,1087.33203125,786.300598145,1420890017,997808
685.956787109,848.809875488,1245.25012207,917.899047852,1420890017,997808
685.956787109,743.53112793,1113.6517334,917.899047852,1420890017,997810
843.874938965,532.973632812,903.094238281,812.620300293,1420890017,997810
843.874938965,638.252380371,1034.69262695,865.259643555,1420890017,997810
712.276489258,835.650024414,1271.56982422,812.620300293,1420890018,70317
764.91583252,822.49017334,1245.25012207,759.980895996,1420890018,70318
764.91583252,717.211425781,1166.29101562,891.579345703,1420890018,70319
738.596191406,704.051574707,1139.97143555,865.259643555,1420890018,70319
922.833984375,572.453186035,1139.97143555,865.259643555,1420890018,70319
843.874938965,677.731872559,1166.29101562,891.579345703,1420890018,70320
843.874938965,769.850830078,1271.56982422,759.980895996,1420890018,70320
843.874938965,743.53112793,1271.56982422,891.579345703,1420890018,70320
791.235534668,743.53112793,1218.93041992,891.579345703,1420890018,70321
870.194580078,625.092529297,1087.33203125,786.300598145,1420890018,70321
922.833984375,664.57208252,1113.6517334,865.259643555,1420890018,70321
896.514282227,704.051574707,1192.61071777,759.980895996,1420890018,70322
870.194580078,822.49017334,1324.20922852,812.620300293,1420890018,70322
791.235534668,835.650024414,1403.16821289,970.538391113,1420890018,70322
791.235534668,704.051574707,1218.93041992,970.538391113,1420890018,70323
817.555236816,743.53112793,1245.25012207,944.218688965,1420890018,70323
949.153686523,625.092529297,1192.61071777,865.259643555,1420890018,144022
870.194580078,730.371276855,1297.88952637,759.980895996,1420890018,144024
843.874938965,720.501403809,1271.56982422,812.620300293,1420890018,144024
817.555236816,690.891723633,1245.25012207,865.259643555,1420890018,144025
817.555236816,697.471679688,1271.56982422,865.259643555,1420890018,144025
949.153686523,638.252380371,1271.56982422,812.620300293,1420890018,144025
817.555236816,783.010620117,1455.80761719,812.620300293,1420890018,144025
870.194580078,783.010620117,1455.80761719,654.702148438,1420890018,144026
870.194580078,493.494110107,1139.97143555,707.341552734,1420890018,144026
817.555236816,677.731872559,1350.52880859,917.899047852,1420890018,144026
975.473327637,651.412231445,1429.48791504,759.980895996,1420890018,144027
975.473327637,641.542358398,1350.52880859,707.341552734,1420890018,144027
922.833984375,625.092529297,1324.20922852,707.341552734,1420890018,144027
896.514282227,697.471679688,1376.84851074,707.341552734,1420890018,144028
870.194580078,605.352783203,1245.25012207,865.259643555,1420890018,144028
922.833984375,625.092529297,1297.88952637,786.300598145,1420890018,144028
926.123962402,809.330322266,768.205810547,829.070068359,1420890018,144029
847.164855957,809.330322266,768.205810547,802.750427246,1420890018,217856
820.845214844,914.609069824,899.804260254,750.111022949,1420890018,217858
768.205810547,940.928771973,978.763305664,894.86932373,1420890018,217858
768.205810547,835.650024414,820.845214844,894.86932373,1420890018,217859
768.205810547,861.969726562,873.484558105,842.229919434,1420890018,217859
899.804260254,783.010620117,768.205810547,763.270874023,1420890018,217859
768.205810547,704.051574707,583.968017578,763.270874023,1420890018,217859
741.886108398,967.248413086,952.443603516,894.86932373,1420890018,217860
741.886108398,756.690979004,689.246765137,934.348815918,1420890018,217860
794.525512695,809.330322266,794.525512695,868.549621582,1420890018,217862
873.484558105,809.330322266,820.845214844,829.070068359,1420890018,217862
741.886108398,861.969726562,820.845214844,842.229919434,1420890018,217862
741.886108398,888.289367676,847.164855957,829.070068359,1420890018,217863
662.927062988,809.330322266,768.205810547,1026.46777344,1420890018,217864
715.566467285,783.010620117,741.886108398,894.86932373,1420890018,217864
741.886108398,783.010620117,741.886108398,868.549621582,1420890018,217864
801.105407715,809.330322266,794.525512695,763.270874023,1420890018,290318
689.246765137,848.809875488,794.525512695,763.270874023,1420890018,290319
689.246765137,848.809875488,794.525512695,789.590576172,1420890018,290320
682.666870117,743.53112793,689.246765137,894.86932373,1420890018,290320
794.525512695,717.211425781,715.566467285,763.270874023,1420890018,290320
827.425109863,717.211425781,662.927062988,789.590576172,1420890018,290321
741.886108398,769.850830078,715.566467285,815.91027832,1420890018,290321
682.666870117,888.289367676,873.484558105,710.631530762,1420890018,290321
682.666870117,888.289367676,899.804260254,763.270874023,1420890018,290322
682.666870117,796.170471191,794.525512695,868.549621582,1420890018,290322
682.666870117,822.49017334,794.525512695,736.951171875,1420890018,290322
840.584960938,783.010620117,768.205810547,763.270874023,1420890018,290322
682.666870117,743.53112793,689.246765137,710.631530762,1420890018,290323
682.666870117,861.969726562,847.164855957,657.992126465,1420890018,290323
689.246765137,704.051574707,662.927062988,868.549621582,1420890018,290323
787.945556641,690.891723633,662.927062988,631.672424316,1420890018,290324
814.265258789,690.891723633,662.927062988,763.270874023,1420890018,371518
682.666870117,875.129516602,847.164855957,763.270874023,1420890018,371519
682.666870117,875.129516602,847.164855957,710.631530762,1420890018,371520
643.187316895,875.129516602,873.484558105,947.508666992,1420890018,371520
722.146362305,769.850830078,768.205810547,789.590576172,1420890018,371520
722.146362305,822.49017334,899.804260254,763.270874023,1420890018,371521
840.584960938,769.850830078,794.525512695,736.951171875,1420890018,371521
708.98651123,743.53112793,741.886108398,736.951171875,1420890018,371521
708.98651123,822.49017334,794.525512695,815.91027832,1420890018,371521
708.98651123,664.57208252,610.287719727,868.549621582,1420890018,371522
748.466064453,717.211425781,715.566467285,710.631530762,1420890018,371522
801.105407715,717.211425781,662.927062988,736.951171875,1420890018,371522
669.507019043,875.129516602,899.804260254,736.951171875,1420890018,371523
656.347167969,875.129516602,847.164855957,736.951171875,1420890018,371523
643.187316895,875.129516602,899.804260254,894.86932373,1420890018,371523
708.98651123,796.170471191,794.525512695,868.549621582,1420890018,371524
682.666870117,848.809875488,873.484558105,789.590576172,1420890018,432837
814.265258789,848.809875488,820.845214844,710.631530762,1420890018,432838
708.98651123,796.170471191,768.205810547,736.951171875,1420890018,432839
603.707763672,980.40826416,952.443603516,815.91027832,1420890018,432839
682.666870117,769.850830078,741.886108398,868.549621582,1420890018,432839
761.625915527,717.211425781,689.246765137,684.311828613,1420890018,432840
761.625915527,743.53112793,715.566467285,710.631530762,1420890018,432840
630.02746582,980.40826416,978.763305664,736.951171875,1420890018,432840
630.02746582,927.768920898,873.484558105,736.951171875,1420890018,432841
603.707763672,901.44921875,820.845214844,973.828369141,1420890018,432842
708.98651123,822.49017334,820.845214844,789.590576172,1420890018,432843
708.98651123,848.809875488,899.804260254,763.270874023,1420890018,432843
761.625915527,901.44921875,926.123962402,710.631530762,1420890018,432844
656.347167969,875.129516602,899.804260254,710.631530762,1420890018,432844
656.347167969,875.129516602,794.525512695,763.270874023,1420890018,432844
682.666870117,690.891723633,610.287719727,842.229919434,1420890018,432844
682.666870117,822.49017334,847.164855957,697.471679688,1420890018,510365
735.306213379,796.170471191,741.886108398,684.311828613,1420890018,510368
616.867614746,954.088623047,978.763305664,723.791320801,1420890018,510368
577.388122559,954.088623047,952.443603516,723.791320801,1420890018,510369
577.388122559,954.088623047,1031.40270996,750.111022949,1420890018,510370
643.187316895,848.809875488,899.804260254,842.229919434,1420890018,510370
656.347167969,769.850830078,741.886108398,697.471679688,1420890018,510371
695.826660156,901.44921875,952.443603516,671.151977539,1420890018,510371
551.06842041,901.44921875,952.443603516,710.631530762,1420890018,510372
551.06842041,980.40826416,1057.72241211,802.750427246,1420890018,510372
630.02746582,822.49017334,926.123962402,829.070068359,1420890018,510372
748.466064453,690.891723633,768.205810547,657.992126465,1420890018,510373
722.146362305,690.891723633,768.205810547,657.992126465,1420890018,510373
590.547912598,954.088623047,1084.04199219,723.791320801,1420890018,510374
551.06842041,927.768920898,1005.08300781,723.791320801,1420890018,510374
537.908569336,875.129516602,926.123962402,908.029174805,1420890018,510375
669.507019043,848.809875488,926.123962402,697.471679688,1420890018,586524
616.867614746,875.129516602,1005.08300781,592.192932129,1420890018,586526
695.826660156,927.768920898,1031.40270996,644.832275391,1420890018,586526
564.228271484,927.768920898,1005.08300781,644.832275391,1420890018,586527
564.228271484,954.088623047,1005.08300781,750.111022949,1420890018,586527
643.187316895,769.850830078,768.205810547,750.111022949,1420890018,586527
669.507019043,796.170471191,899.804260254,513.233886719,1420890018,586527
695.826660156,822.49017334,899.804260254,565.87322998,1420890018,586528
669.507019043,769.850830078,768.205810547,592.192932129,1420890018,586528
537.908569336,927.768920898,952.443603516,618.512634277,1420890018,586528
616.867614746,927.768920898,1005.08300781,723.791320801,1420890018,586529
643.187316895,822.49017334,873.484558105,671.151977539,1420890018,586529
616.867614746,822.49017334,820.845214844,592.192932129,1420890018,586529
695.826660156,901.44921875,926.123962402,618.512634277,1420890018,586530
616.867614746,822.49017334,794.525512695,618.512634277,1420890018,586530
537.908569336,980.40826416,1005.08300781,671.151977539,1420890018,586530
643.187316895,901.44921875,978.763305664,697.471679688,1420890018,655317
748.466064453,717.211425781,741.886108398,513.233886719,1420890018,655319
669.507019043,769.850830078,847.164855957,539.553527832,1420890018,655319
537.908569336,1006.72796631,1110.36169434,592.192932129,1420890018,655320
511.588897705,927.768920898,1005.08300781,592.192932129,1420890018,655320
511.588897705,901.44921875,978.763305664,565.87322998,1420890018,655320
643.187316895,848.809875488,978.763305664,671.151977539,1420890018,655321
590.547912598,848.809875488,978.763305664,565.87322998,1420890018,655321
643.187316895,954.088623047,1084.04199219,513.233886719,1420890018,655321
537.908569336,927.768920898,1031.40270996,618.512634277,1420890018,655323
590.547912598,927.768920898,1031.40270996,618.512634277,1420890018,655323
643.187316895,690.891723633,794.525512695,671.151977539,1420890018,655323
590.547912598,927.768920898,1057.72241211,671.151977539,1420890018,655324
643.187316895,954.088623047,1110.36169434,539.553527832,1420890018,655324
564.228271484,822.49017334,899.804260254,513.233886719,1420890018,655325
511.588897705,954.088623047,1084.04199219,618.512634277,1420890018,655325
590.547912598,927.768920898,1084.04199219,723.791320801,1420890018,726600
590.547912598,848.809875488,952.443603516,644.832275391,1420890018,726602
590.547912598,848.809875488,926.123962402,539.553527832,1420890018,726602
616.867614746,927.768920898,1031.40270996,618.512634277,1420890018,726602
485.269195557,927.768920898,1005.08300781,618.512634277,1420890018,726603
458.949523926,1006.72796631,1110.36169434,723.791320801,1420890018,726603
537.908569336,980.40826416,1110.36169434,723.791320801,1420890018,726603
669.507019043,743.53112793,794.525512695,407.95513916,1420890018,726603
616.867614746,848.809875488,952.443603516,539.553527832,1420890018,726604
485.269195557,1059.36730957,1163.00109863,697.471679688,1420890018,726604
485.269195557,980.40826416,1031.40270996,671.151977539,1420890018,726604
590.547912598,717.211425781,715.566467285,671.151977539,1420890018,726605
643.187316895,822.49017334,847.164855957,697.471679688,1420890018,726605
669.507019043,875.129516602,1110.36169434,644.832275391,1420890018,726605
616.867614746,980.40826416,1084.04199219,592.192932129,1420890018,726606
537.908569336,1006.72796631,1110.36169434,697.471679688,1420890018,726606
783.010620117,855.389770508,829.070068359,916.25402832,1420890018,726607
888.289367676,829.070068359,881.709472656,916.25402832,1420890018,802821
914.609069824,723.791320801,776.430725098,916.25402832,1420890018,802823
914.609069824,776.430725098,776.430725098,784.655639648,1420890018,802823
861.969726562,829.070068359,750.111022949,810.975280762,1420890018,802824
783.010620117,908.029174805,829.070068359,863.614685059,1420890018,802824
835.650024414,908.029174805,908.029174805,889.934387207,1420890018,802824
914.609069824,855.389770508,881.709472656,889.934387207,1420890018,802825
783.010620117,1013.30786133,1013.30786133,837.29498291,1420890018,802825
888.289367676,986.988220215,934.348815918,732.016235352,1420890018,802825
809.330322266,908.029174805,855.389770508,863.614685059,1420890018,802825
783.010620117,960.668518066,881.709472656,916.25402832,1420890018,802826
888.289367676,881.709472656,802.750427246,916.25402832,1420890018,802826
993.568115234,855.389770508,802.750427246,863.614685059,1420890018,802826
914.609069824,855.389770508,697.471679688,758.3359375,1420890018,802827
835.650024414,1065.94726562,960.668518066,810.975280762,1420890018,802827
809.330322266,960.668518066,802.750427246,863.614685059,1420890018,802827
848.809875488,1039.62756348,960.668518066,784.655639648,1420890018,875386
980.40826416,986.988220215,908.029174805,863.614685059,1420890018,875388
914.609069824,908.029174805,723.791320801,863.614685059,1420890018,875388
914.609069824,1092.26696777,986.988220215,732.016235352,1420890018,875389
835.650024414,1065.94726562,908.029174805,916.25402832,1420890018,875389
835.650024414,1065.94726562,960.668518066,837.29498291,1420890018,875389
954.088623047,934.348815918,776.430725098,889.934387207,1420890018,875390
954.088623047,960.668518066,855.389770508,863.614685059,1420890018,875390
940.928771973,1065.94726562,1013.30786133,784.655639648,1420890018,875392
927.768920898,960.668518066,802.750427246,863.614685059,1420890018,875392
835.650024414,1039.62756348,934.348815918,889.934387207,1420890018,875392
940.928771973,1013.30786133,934.348815918,968.893432617,1420890018,875393
980.40826416,986.988220215,881.709472656,889.934387207,1420890018,875393
835.650024414,1118.58666992,1013.30786133,889.934387207,1420890018,875394
914.609069824,1118.58666992,986.988220215,732.016235352,1420890018,875394
875.129516602,960.668518066,776.430725098,863.614685059,1420890018,875394
796.170471191,1065.94726562,986.988220215,889.934387207,1420890018,950287
927.768920898,1013.30786133,986.988220215,889.934387207,1420890018,950288
980.40826416,908.029174805,881.709472656,810.975280762,1420890018,950299
954.088623047,986.988220215,881.709472656,758.3359375,1420890018,950299
954.088623047,1013.30786133,986.988220215,810.975280762,1420890018,950300
901.44921875,986.988220215,908.029174805,889.934387207,1420890018,950300
1085.68701172,881.709472656,829.070068359,705.696594238,1420890018,950301
1085.68701172,908.029174805,855.389770508,863.614685059,1420890018,950301
1085.68701172,1013.30786133,1065.94726562,837.29498291,1420890018,950302
1033.04760742,1065.94726562,1039.62756348,732.016235352,1420890018,950302
954.088623047,1065.94726562,1039.62756348,916.25402832,1420890018,950302
1033.04760742,1013.30786133,986.988220215,837.29498291,1420890018,950303
1164.64611816,829.070068359,750.111022949,863.614685059,1420890018,950303
1164.64611816,908.029174805,934.348815918,810.975280762,1420890018,950304
1112.00671387,934.348815918,934.348815918,784.655639648,1420890018,950304
1085.68701172,960.668518066,934.348815918,863.614685059,1420890018,950304
1059.36730957,934.348815918,934.348815918,889.934387207,1420890019,17808
1112.00671387,960.668518066,1013.30786133,942.573730469,1420890019,17810
1190.96582031,881.709472656,934.348815918,837.29498291,1420890019,17810
1112.00671387,881.709472656,881.709472656,705.696594238,1420890019,17810
1112.00671387,986.988220215,1013.30786133,732.016235352,1420890019,17811
1190.96582031,723.791320801,750.111022949,758.3359375,1420890019,17811
1033.04760742,908.029174805,960.668518066,916.25402832,1420890019,17811
1112.00671387,908.029174805,960.668518066,837.29498291,1420890019,17812
1164.64611816,829.070068359,881.709472656,810.975280762,1420890019,17812
1085.68701172,986.988220215,960.668518066,732.016235352,1420890019,17812
1085.68701172,934.348815918,960.668518066,784.655639648,1420890019,17813
1059.36730957,881.709472656,855.389770508,863.614685059,1420890019,17813
1138.32641602,855.389770508,855.389770508,863.614685059,1420890019,17813
1164.64611816,855.389770508,881.709472656,810.975280762,1420890019,17813
1138.32641602,908.029174805,1039.62756348,784.655639648,1420890019,17814
1085.68701172,960.668518066,1013.30786133,758.3359375,1420890019,17814
1059.36730957,815.91027832,802.750427246,889.934387207,1420890019,95332
1033.04760742,855.389770508,934.348815918,942.573730469,1420890019,95334
1112.00671387,855.389770508,934.348815918,889.934387207,1420890019,95334
1138.32641602,815.91027832,986.988220215,705.696594238,1420890019,95335
1059.36730957,947.508666992,1118.58666992,705.696594238,1420890019,95335
1006.72796631,947.508666992,1039.62756348,784.655639648,1420890019,95335
1033.04760742,842.229919434,960.668518066,837.29498291,1420890019,95336
1138.32641602,802.750427246,960.668518066,679.37689209,1420890019,95336
1190.96582031,829.070068359,986.988220215,732.016235352,1420890019,95337
1112.00671387,842.229919434,934.348815918,679.37689209,1420890019,95337
1085.68701172,973.828369141,1118.58666992,679.37689209,1420890019,95338
1112.00671387,815.91027832,960.668518066,889.934387207,1420890019,95338
1059.36730957,842.229919434,986.988220215,784.655639648,1420890019,95339
1085.68701172,934.348815918,1144.90637207,784.655639648,1420890019,95339
1243.60510254,829.070068359,1013.30786133,679.37689209,1420890019,95339
1138.32641602,736.951171875,934.348815918,679.37689209,1420890019,95340
1033.04760742,1000.14807129,1171.22595215,784.655639648,1420890019,171476
1085.68701172,789.590576172,986.988220215,837.29498291,1420890019,171478
1085.68701172,789.590576172,960.668518066,653.057189941,1420890019,171479
1217.28540039,842.229919434,1065.94726562,705.696594238,1420890019,171479
1164.64611816,763.270874023,960.668518066,810.975280762,1420890019,171479
1112.00671387,894.86932373,1092.26696777,653.057189941,1420890019,171480
1112.00671387,763.270874023,908.029174805,784.655639648,1420890019,171480
1112.00671387,763.270874023,960.668518066,810.975280762,1420890019,171480
1190.96582031,763.270874023,986.988220215,705.696594238,1420890019,171480
1190.96582031,763.270874023,1013.30786133,705.696594238,1420890019,171481
1059.36730957,868.549621582,1144.90637207,653.057189941,1420890019,171481
1059.36730957,842.229919434,1039.62756348,626.737487793,1420890019,171481
1085.68701172,736.951171875,934.348815918,784.655639648,1420890019,171482
1164.64611816,736.951171875,960.668518066,679.37689209,1420890019,171482
1190.96582031,763.270874023,986.988220215,679.37689209,1420890019,171482
1059.36730957,789.590576172,986.988220215,679.37689209,1420890019,171483
1059.36730957,842.229919434,1092.26696777,600.41784668,1420890019,235381
1217.28540039,552.713378906,829.070068359,653.057189941,1420890019,235385
1112.00671387,657.992126465,908.029174805,679.37689209,1420890019,235385
1217.28540039,605.352783203,802.750427246,574.098144531,1420890019,235386
1217.28540039,736.951171875,986.988220215,547.778442383,1420890019,235386
1112.00671387,736.951171875,960.668518066,574.098144531,1420890019,235386
1085.68701172,815.91027832,1039.62756348,758.3359375,1420890019,235387
1138.32641602,710.631530762,960.668518066,705.696594238,1420890019,235387
1164.64611816,631.672424316,829.070068359,468.819396973,1420890019,235388
1217.28540039,710.631530762,908.029174805,547.778442383,1420890019,235388
1217.28540039,657.992126465,986.988220215,521.458740234,1420890019,235388
1059.36730957,815.91027832,1065.94726562,574.098144531,1420890019,235389
1059.36730957,789.590576172,1039.62756348,732.016235352,1420890019,235389
1112.00671387,684.311828613,986.988220215,600.41784668,1420890019,235390
1164.64611816,684.311828613,1065.94726562,547.778442383,1420890019,235390
1164.64611816,710.631530762,1065.94726562,600.41784668,1420890019,235399
1059.36730957,736.951171875,1118.58666992,574.098144531,1420890019,314071
1085.68701172,631.672424316,908.029174805,547.778442383,1420890019,314073
1085.68701172,552.713378906,881.709472656,705.696594238,1420890019,314073
1164.64611816,684.311828613,1171.22595215,600.41784668,1420890019,314073
1217.28540039,657.992126465,1118.58666992,600.41784668,1420890019,314074
1085.68701172,710.631530762,1118.58666992,732.016235352,1420890019,314074
1085.68701172,710.631530762,1118.58666992,574.098144531,1420890019,314074
1217.28540039,368.475585938,776.430725098,705.696594238,1420890019,314075
1138.32641602,579.033081055,1013.30786133,705.696594238,1420890019,314076
1138.32641602,736.951171875,1223.86535645,600.41784668,1420890019,314077
1269.92480469,631.672424316,1065.94726562,521.458740234,1420890019,314077
1138.32641602,631.672424316,1092.26696777,574.098144531,1420890019,314078
1059.36730957,736.951171875,1144.90637207,705.696594238,1420890019,314078
1164.64611816,579.033081055,1039.62756348,705.696594238,1420890019,314078
1138.32641602,552.713378906,960.668518066,574.098144531,1420890019,314079
1217.28540039,657.992126465,1092.26696777,547.778442383,1420890019,314079
857.034729004,806.040344238,819.200195312,773.14074707,1420890019,314080
778.075683594,884.999450684,898.159240723,825.780151367,1420890019,390332
778.075683594,832.360046387,898.159240723,878.419494629,1420890019,390334
830.715087891,727.081298828,819.200195312,878.419494629,1420890019,390335
830.715087891,727.081298828,819.200195312,746.821105957,1420890019,390335
883.354431152,806.040344238,924.478942871,746.821105957,1420890019,390335
751.75604248,806.040344238,898.159240723,773.14074707,1420890019,390336
751.75604248,832.360046387,924.478942871,878.419494629,1420890019,390336
804.395385742,674.441955566,713.921447754,904.739196777,1420890019,390337
830.715087891,753.401000977,871.839599609,852.09979248,1420890019,390337
857.034729004,779.720703125,898.159240723,746.821105957,1420890019,390337
778.075683594,779.720703125,819.200195312,641.542358398,1420890019,390338
725.436340332,858.679748535,950.79864502,799.460449219,1420890019,390338
883.354431152,595.482910156,687.601806641,667.861999512,1420890019,390339
830.715087891,700.76159668,819.200195312,904.739196777,1420890019,390339
778.075683594,858.679748535,1029.75769043,746.821105957,1420890019,390340
883.354431152,806.040344238,924.478942871,746.821105957,1420890019,390340
646.477294922,766.560852051,871.839599609,825.780151367,1420890019,466586
699.116638184,832.360046387,977.118347168,825.780151367,1420890019,466588
751.75604248,674.441955566,845.519897461,904.739196777,1420890019,466589
751.75604248,674.441955566,845.519897461,773.14074707,1420890019,466589
778.075683594,779.720703125,950.79864502,773.14074707,1420890019,466589
699.116638184,753.401000977,977.118347168,878.419494629,1420890019,466590
567.518188477,806.040344238,950.79864502,852.09979248,1420890019,466590
725.436340332,621.80255127,766.560852051,799.460449219,1420890019,466590
672.796936035,661.282104492,819.200195312,957.378540039,1420890019,466591
672.796936035,621.80255127,713.921447754,825.780151367,1420890019,466591
672.796936035,779.720703125,977.118347168,746.821105957,1420890019,466591
567.518188477,753.401000977,950.79864502,825.780151367,1420890019,466592
567.518188477,740.241149902,898.159240723,799.460449219,1420890019,466592
646.477294922,582.323059082,740.241149902,931.058898926,1420890019,466592
725.436340332,648.122253418,871.839599609,799.460449219,1420890019,466593
699.116638184,661.282104492,871.839599609,799.460449219,1420890019,466593
751.75604248,661.282104492,898.159240723,641.542358398,1420890019,534097
514.878845215,792.880554199,950.79864502,878.419494629,1420890019,534098
1067.59228516,398.085235596,556.003356934,36.1895675659,1420890019,534099
1199.19067383,319.126190186,556.003356934,36.1895675659,1420890019,534099
1014.95288086,556.003356934,792.880554199,483.624206543,1420890019,534099
778.075683594,687.601806641,871.839599609,352.025787354,1420890019,534100
1436.06787109,187.527755737,424.404937744,36.1895675659,1420890019,534100
1436.06787109,108.568702698,187.527755737,36.1895675659,1420890019,534101
962.313476562,1003.43798828,1135.03637695,378.345489502,1420890019,534102
1251.83007812,1056.07739258,1266.6348877,88.8289413452,1420890019,534102
1436.06787109,0.0,82.2490158081,36.1895675659,1420890019,534103
1436.06787109,473.754333496,503.363983154,88.8289413452,1420890019,534103
1146.55126953,1631.82055664,1682.81494141,220.427368164,1420890019,534103
1436.06787109,894.86932373,1077.4621582,36.1895675659,1420890019,534104
1436.06787109,447.434661865,551.06842041,36.1895675659,1420890019,534104
1357.10876465,236.877166748,235.232192993,141.468307495,1420890019,534104
1304.46936035,1079.10705566,1288.01965332,121.728546143,1420890019,611536
1488.70715332,1079.10705566,1288.01965332,26.3196849823,1420890019,611538
1488.70715332,657.992126465,1077.4621582,23.0297241211,1420890019,611538
1409.74816895,657.992126465,1077.4621582,115.148620605,1420890019,611539
1436.06787109,236.877166748,656.347167969,52.6393699646,1420890019,611539
1304.46936035,1079.10705566,1498.57714844,19.7397632599,1420890019,611539
1304.46936035,1079.10705566,1498.57714844,55.9293327332,1420890019,611539
1436.06787109,236.877166748,866.904663086,82.2490158081,1420890019,611540
1409.74816895,1184.38586426,1682.81494141,32.8996086121,1420890019,611540
1383.4284668,657.992126465,1051.14245605,26.3196849823,1420890019,611540
1488.70715332,1184.38586426,1682.81494141,65.7992172241,1420890019,611541
1488.70715332,236.877166748,630.02746582,62.5092544556,1420890019,611541
1383.4284668,342.155914307,630.02746582,32.8996086121,1420890019,611541
1067.59228516,1079.10705566,1261.69995117,42.7694892883,1420890019,611542
1488.70715332,447.434661865,630.02746582,62.5092544556,1420890019,611542
1409.74816895,447.434661865,630.02746582,141.468307495,1420890019,611542
804.395385742,921.188964844,1103.78186035,825.780151367,1420890019,679062
883.354431152,921.188964844,1130.10144043,457.304534912,1420890019,679065
1225.51037598,552.713378906,656.347167969,194.107681274,1420890019,679066
1067.59228516,657.992126465,787.945556641,588.902954102,1420890019,679066
725.436340332,894.86932373,1077.4621582,957.378540039,1420890019,679066
1014.95288086,789.590576172,919.544006348,273.066741943,1420890019,679067
1067.59228516,736.951171875,893.224304199,299.386413574,1420890019,679067
646.477294922,973.828369141,1103.78186035,746.821105957,1420890019,679068
620.157592773,1052.78747559,1182.74084473,931.058898926,1420890019,679068
1067.59228516,657.992126465,787.945556641,483.624206543,1420890019,679069
1014.95288086,710.631530762,866.904663086,694.18170166,1420890019,679069
672.796936035,1000.14807129,1156.42114258,983.698242188,1420890019,679070
672.796936035,1000.14807129,1156.42114258,694.18170166,1420890019,679070
830.715087891,815.91027832,972.183410645,667.861999512,1420890019,679070
909.674133301,710.631530762,893.224304199,720.501403809,1420890019,679071
804.395385742,894.86932373,1077.4621582,931.058898926,1420890019,679071
725.436340332,1052.78747559,1261.69995117,667.861999512,1420890019,755341
830.715087891,947.508666992,1103.78186035,588.902954102,1420890019,755344
804.395385742,710.631530762,787.945556641,878.419494629,1420890019,755345
751.75604248,868.549621582,998.503051758,852.09979248,1420890019,755345
857.034729004,868.549621582,1103.78186035,720.501403809,1420890019,755346
804.395385742,842.229919434,1024.82275391,852.09979248,1420890019,755346
725.436340332,1026.46777344,1130.10144043,773.14074707,1420890019,755347
830.715087891,736.951171875,814.265258789,694.18170166,1420890019,755349
830.715087891,763.270874023,840.584960938,799.460449219,1420890019,755350
857.034729004,815.91027832,945.863708496,746.821105957,1420890019,755350
883.354431152,815.91027832,866.904663086,825.780151367,1420890019,755352
804.395385742,947.508666992,1077.4621582,720.501403809,1420890019,755352
830.715087891,947.508666992,1024.82275391,667.861999512,1420890019,755353
751.75604248,842.229919434,919.544006348,852.09979248,1420890019,755353
751.75604248,868.549621582,998.503051758,825.780151367,1420890019,755354
804.395385742,868.549621582,998.503051758,799.460449219,1420890019,755354
804.395385742,842.229919434,998.503051758,904.739196777,1420890019,825309
725.436340332,1105.42675781,1366.9786377,799.460449219,1420890019,825311
725.436340332,815.91027832,945.863708496,957.378540039,1420890019,825312
751.75604248,815.91027832,972.183410645,904.739196777,1420890019,825312
804.395385742,763.270874023,972.183410645,878.419494629,1420890019,825312
830.715087891,789.590576172,972.183410645,878.419494629,1420890019,825313
620.157592773,1079.10705566,1340.65893555,957.378540039,1420890019,825313
725.436340332,973.828369141,1182.74084473,825.780151367,1420890019,825313
620.157592773,947.508666992,1156.42114258,1010.01794434,1420890019,825314
725.436340332,842.229919434,1103.78186035,904.739196777,1420890019,825314
725.436340332,921.188964844,1209.06054688,852.09979248,1420890019,825314
778.075683594,868.549621582,1130.10144043,746.821105957,1420890019,825315
672.796936035,868.549621582,1103.78186035,799.460449219,1420890019,825315
672.796936035,1026.46777344,1261.69995117,1010.01794434,1420890019,825315
725.436340332,921.188964844,1209.06054688,957.378540039,1420890019,825316
778.075683594,789.590576172,1024.82275391,1010.01794434,1420890019,825316
830.715087891,894.86932373,1182.74084473,852.09979248,1420890019,897915
672.796936035,868.549621582,1077.4621582,931.058898926,1420890019,897917
672.796936035,973.828369141,1156.42114258,852.09979248,1420890019,897918
593.837890625,973.828369141,1156.42114258,1010.01794434,1420890019,897918
699.116638184,842.229919434,1051.14245605,1010.01794434,1420890019,897918
699.116638184,763.270874023,919.544006348,931.058898926,1420890019,897919
751.75604248,894.86932373,1103.78186035,957.378540039,1420890019,897919
672.796936035,921.188964844,1103.78186035,878.419494629,1420890019,897920
672.796936035,973.828369141,1182.74084473,1088.97692871,1420890019,897920
699.116638184,868.549621582,1024.82275391,1036.33764648,1420890019,897920
830.715087891,763.270874023,998.503051758,983.698242188,1420890019,897921
830.715087891,868.549621582,1077.4621582,931.058898926,1420890019,897921
593.837890625,1052.78747559,1288.01965332,1036.33764648,1420890019,897921
672.796936035,1000.14807129,1209.06054688,957.378540039,1420890019,897922
672.796936035,815.91027832,1051.14245605,1141.61633301,1420890019,897922
699.116638184,815.91027832,1051.14245605,1088.97692871,1420890019,897922
778.075683594,861.969726562,863.614685059,909.674133301,1420890019,897923
843.874938965,861.969726562,863.614685059,962.313476562,1420890019,974178
672.796936035,783.010620117,626.737487793,830.715087891,1420890019,974181
738.596191406,914.609069824,837.29498291,1093.9119873,1420890019,974181
791.235534668,809.330322266,837.29498291,1067.59228516,1420890019,974182
764.91583252,835.650024414,784.655639648,962.313476562,1420890019,974182
896.514282227,861.969726562,889.934387207,909.674133301,1420890019,974183
791.235534668,783.010620117,758.3359375,1120.23156738,1420890019,974185
778.075683594,861.969726562,784.655639648,935.993835449,1420890019,974186
778.075683594,756.690979004,679.37689209,1093.9119873,1420890019,974186
817.555236816,756.690979004,679.37689209,1093.9119873,1420890019,974197
817.555236816,625.092529297,416.180023193,909.674133301,1420890019,974197
843.874938965,835.650024414,784.655639648,962.313476562,1420890019,974198
685.956787109,967.248413086,916.25402832,935.993835449,1420890019,974198
699.116638184,888.289367676,784.655639648,1120.23156738,1420890019,974199
738.596191406,835.650024414,732.016235352,1067.59228516,1420890019,974199
896.514282227,704.051574707,626.737487793,1120.23156738,1420890019,974200
896.514282227,783.010620117,679.37689209,909.674133301,1420890020,51598
764.91583252,888.289367676,784.655639648,935.993835449,1420890020,51600
764.91583252,888.289367676,784.655639648,935.993835449,1420890020,51600
738.596191406,783.010620117,626.737487793,1067.59228516,1420890020,51601
870.194580078,730.371276855,626.737487793,1067.59228516,1420890020,51601
791.235534668,783.010620117,732.016235352,988.633178711,1420890020,51601
896.514282227,809.330322266,732.016235352,1041.27258301,1420890020,51602
738.596191406,756.690979004,626.737487793,935.993835449,1420890020,51602
764.91583252,861.969726562,758.3359375,1093.9119873,1420890020,51602
817.555236816,835.650024414,784.655639648,1093.9119873,1420890020,51602
791.235534668,809.330322266,679.37689209,1041.27258301,1420890020,51603
949.153686523,861.969726562,810.975280762,962.313476562,1420890020,51603
870.194580078,598.772827148,389.860351562,962.313476562,1420890020,51603
843.874938965,861.969726562,705.696594238,962.313476562,1420890020,51604
870.194580078,809.330322266,679.37689209,1041.27258301,1420890020,51604
870.194580078,809.330322266,679.37689209,1172.87097168,1420890020,51604
738.596191406,993.568115234,810.975280762,1146.55126953,1420890020,131514
949.153686523,888.289367676,679.37689209,909.674133301,1420890020,131517
738.596191406,967.248413086,758.3359375,988.633178711,1420890020,131517
712.276489258,1019.88781738,732.016235352,1120.23156738,1420890020,131517
791.235534668,888.289367676,574.098144531,1093.9119873,1420890020,131517
896.514282227,783.010620117,521.458740234,1172.87097168,1420890020,131518
896.514282227,861.969726562,574.098144531,935.993835449,1420890020,131518
764.91583252,993.568115234,732.016235352,1014.95288086,1420890020,131518
764.91583252,967.248413086,679.37689209,935.993835449,1420890020,131519
817.555236816,835.650024414,547.778442383,1041.27258301,1420890020,131519
843.874938965,835.650024414,574.098144531,1067.59228516,1420890020,131519
764.91583252,967.248413086,732.016235352,988.633178711,1420890020,131520
843.874938965,967.248413086,705.696594238,988.633178711,1420890020,131520
659.637145996,835.650024414,442.499725342,962.313476562,1420890020,131520
712.276489258,967.248413086,653.057189941,1067.59228516,1420890020,131520
764.91583252,914.609069824,679.37689209,1041.27258301,1420890020,131521
