TP9,FP1,FP2,TP10,timestamp,duration
802.750427246,430.984863281,511.588897705,845.519897461,1420893256,422031
822.49017334,194.107681274,0.0,792.880554199,1420893256,422032
927.768920898,509.943908691,368.475585938,924.478942871,1420893256,422033
921.188964844,457.304534912,289.516540527,924.478942871,1420893256,422033
927.768920898,509.943908691,421.114959717,924.478942871,1420893256,422033
855.389770508,404.665161133,368.475585938,845.519897461,1420893256,422033
776.430725098,509.943908691,289.516540527,792.880554199,1420893256,422034
914.609069824,299.386413574,157.918106079,871.839599609,1420893256,422034
914.609069824,694.18170166,500.074035645,924.478942871,1420893256,422034
881.709472656,615.22265625,500.074035645,924.478942871,1420893256,422035
901.44921875,457.304534912,184.237792969,898.159240723,1420893256,422035
861.969726562,457.304534912,315.836212158,845.519897461,1420893256,422035
783.010620117,483.624206543,315.836212158,845.519897461,1420893256,422036
940.928771973,483.624206543,552.713378906,950.79864502,1420893256,422036
927.768920898,325.706115723,263.196868896,924.478942871,1420893256,422036
914.609069824,325.706115723,236.877166748,924.478942871,1420893256,422049
888.289367676,588.902954102,394.795288086,858.679748535,1420893256,502090
809.330322266,536.26361084,394.795288086,792.880554199,1420893256,502092
914.609069824,483.624206543,447.434661865,924.478942871,1420893256,502092
993.568115234,457.304534912,210.557479858,950.79864502,1420893256,502093
993.568115234,273.066741943,26.3196849823,911.319091797,1420893256,502093
967.248413086,588.902954102,447.434661865,950.79864502,1420893256,502093
940.928771973,483.624206543,368.475585938,884.999450684,1420893256,502093
888.289367676,457.304534912,184.237792969,884.999450684,1420893256,502094
1019.88781738,483.624206543,210.557479858,1029.75769043,1420893256,502094
1019.88781738,483.624206543,157.918106079,990.278137207,1420893256,502094
1019.88781738,588.902954102,526.393737793,990.278137207,1420893256,502095
993.568115234,246.747055054,52.6393699646,898.159240723,1420893256,502095
914.609069824,536.26361084,236.877166748,871.839599609,1420893256,502095
1019.88781738,430.984863281,157.918106079,990.278137207,1420893256,502096
1046.20751953,746.821105957,447.434661865,1016.59783936,1420893256,502096
993.568115234,562.583251953,394.795288086,1003.43798828,1420893256,502096
1019.88781738,457.304534912,78.9590530396,1003.43798828,1420893256,567093
967.248413086,509.943908691,342.155914307,1003.43798828,1420893256,567094
940.928771973,404.665161133,157.918106079,898.159240723,1420893256,567095
1098.84692383,562.583251953,552.713378906,1082.39709473,1420893256,567095
1098.84692383,352.025787354,157.918106079,1029.75769043,1420893256,567095
1098.84692383,352.025787354,52.6393699646,1029.75769043,1420893256,567096
1098.84692383,536.26361084,210.557479858,977.118347168,1420893256,567096
1019.88781738,536.26361084,394.795288086,924.478942871,1420893256,567096
1125.16650391,509.943908691,394.795288086,1003.43798828,1420893256,567097
1177.8059082,536.26361084,263.196868896,1056.07739258,1420893256,567097
1125.16650391,299.386413574,78.9590530396,977.118347168,1420893256,567097
1125.16650391,536.26361084,263.196868896,1003.43798828,1420893256,567098
1098.84692383,457.304534912,447.434661865,950.79864502,1420893256,567098
1046.20751953,536.26361084,289.516540527,898.159240723,1420893256,567098
1177.8059082,509.943908691,210.557479858,1029.75769043,1420893256,567099
1204.12561035,483.624206543,131.598434448,1029.75769043,1420893256,567099
1177.8059082,615.22265625,473.754333496,1003.43798828,1420893256,642055
1125.16650391,457.304534912,289.516540527,977.118347168,1420893256,642057
1098.84692383,615.22265625,289.516540527,924.478942871,1420893256,642057
1204.12561035,509.943908691,289.516540527,1029.75769043,1420893256,642058
1283.0847168,588.902954102,315.836212158,1108.71679688,1420893256,642058
1256.76501465,404.665161133,184.237792969,1082.39709473,1420893256,642058
1230.4453125,536.26361084,342.155914307,1056.07739258,1420893256,642058
1230.4453125,457.304534912,26.3196849823,1056.07739258,1420893256,642059
1151.48620605,799.460449219,526.393737793,1003.43798828,1420893256,642059
1283.0847168,615.22265625,342.155914307,1187.67578125,1420893256,642060
1283.0847168,509.943908691,263.196868896,1187.67578125,1420893256,642060
1256.76501465,404.665161133,26.3196849823,1161.3560791,1420893256,642060
1256.76501465,509.943908691,157.918106079,1108.71679688,1420893256,642060
1177.8059082,615.22265625,473.754333496,1082.39709473,1420893256,642061
1256.76501465,509.943908691,263.196868896,1213.9954834,1420893256,642061
1309.40429688,641.542358398,394.795288086,1266.6348877,1420893256,642061
1283.0847168,352.025787354,78.9590530396,1213.9954834,1420893256,722111
1256.76501465,615.22265625,394.795288086,1213.9954834,1420893256,722114
1230.4453125,562.583251953,394.795288086,1213.9954834,1420893256,722114
1177.8059082,641.542358398,342.155914307,1161.3560791,1420893256,722115
1335.72399902,641.542358398,184.237792969,1319.27429199,1420893256,722115
1388.36340332,641.542358398,263.196868896,1371.91357422,1420893256,722116
1335.72399902,694.18170166,500.074035645,1319.27429199,1420893256,722116
1283.0847168,457.304534912,210.557479858,1292.95458984,1420893256,722117
1256.76501465,720.501403809,342.155914307,1240.31518555,1420893256,722117
1388.36340332,588.902954102,78.9590530396,1319.27429199,1420893256,722117
1441.00280762,852.09979248,500.074035645,1424.55297852,1420893256,722118
1388.36340332,667.861999512,394.795288086,1398.23327637,1420893256,722118
1388.36340332,641.542358398,184.237792969,1345.59387207,1420893256,722119
1388.36340332,509.943908691,131.598434448,1345.59387207,1420893256,722119
1309.40429688,773.14074707,315.836212158,1319.27429199,1420893256,722119
1467.32250977,773.14074707,500.074035645,1503.51208496,1420893256,722120
1460.74255371,588.902954102,236.877166748,1450.87268066,1420893256,784677
1401.52319336,825.780151367,631.672424316,1424.55297852,1420893256,784689
1368.62365723,562.583251953,184.237792969,1371.91357422,1420893256,784689
1335.72399902,852.09979248,421.114959717,1371.91357422,1420893256,784689
1421.26306152,720.501403809,421.114959717,1529.83166504,1420893256,784690
1513.38195801,720.501403809,236.877166748,1608.79077148,1420893256,784690
1441.00280762,799.460449219,500.074035645,1556.15136719,1420893256,784691
1414.68310547,799.460449219,447.434661865,1529.83166504,1420893256,784691
1381.78344727,667.861999512,342.155914307,1529.83166504,1420893256,784692
1348.88391113,799.460449219,342.155914307,1503.51208496,1420893256,784692
1487.06225586,931.058898926,657.992126465,1661.43017578,1420893256,784692
1500.2220459,720.501403809,289.516540527,1661.43017578,1420893256,784693
1434.42285156,983.698242188,736.951171875,1608.79077148,1420893256,784693
1388.36340332,694.18170166,394.795288086,1556.15136719,1420893256,784694
1375.20361328,878.419494629,368.475585938,1556.15136719,1420893256,784694
1487.06225586,825.780151367,421.114959717,1682.81494141,1420893256,784694
1546.28149414,1036.33764648,631.672424316,1682.81494141,1420893256,849687
1444.29272461,878.419494629,579.033081055,1656.49523926,1420893256,849689
1421.26306152,904.739196777,473.754333496,1603.85583496,1420893256,849689
1394.94335938,904.739196777,710.631530762,1603.85583496,1420893256,849689
1385.07348633,799.460449219,368.475585938,1551.21643066,1420893256,849690
1513.38195801,878.419494629,579.033081055,1656.49523926,1420893256,849690
1519.96179199,799.460449219,526.393737793,1656.49523926,1420893256,849690
1431.13293457,799.460449219,315.836212158,1577.53613281,1420893256,849691
1427.84289551,1088.97692871,684.311828613,1551.21643066,1420893256,849691
1378.49353027,983.698242188,657.992126465,1524.89672852,1420893256,849691
1431.13293457,904.739196777,710.631530762,1603.85583496,1420893256,849692
1542.99157715,931.058898926,526.393737793,1656.49523926,1420893256,849692
1437.71276855,720.501403809,473.754333496,1577.53613281,1420893256,849692
1421.26306152,931.058898926,579.033081055,1551.21643066,1420893256,849693
1394.94335938,904.739196777,579.033081055,1524.89672852,1420893256,849693
1385.07348633,878.419494629,552.713378906,1524.89672852,1420893256,849693
847.164855957,445.789672852,276.356689453,873.484558105,1420893256,860768
899.804260254,472.109344482,250.037017822,911.319091797,1420893256,935844
794.525512695,472.109344482,381.635437012,810.975280762,1420893256,935846
794.525512695,287.871551514,302.676391602,786.300598145,1420893256,935846
794.525512695,498.429046631,381.635437012,769.850830078,1420893256,935847
873.484558105,419.470001221,355.315765381,852.09979248,1420893256,935847
926.123962402,603.707763672,565.87322998,944.218688965,1420893256,935848
873.484558105,393.150299072,407.95513916,829.070068359,1420893256,935848
820.845214844,419.470001221,434.274810791,809.330322266,1420893256,935849
820.845214844,235.232192993,355.315765381,802.750427246,1420893256,935849
794.525512695,472.109344482,276.356689453,791.235534668,1420893256,935849
873.484558105,577.388122559,723.791320801,919.544006348,1420893256,935850
899.804260254,235.232192993,223.717330933,914.609069824,1420893256,935850
794.525512695,340.510925293,355.315765381,817.555236816,1420893256,935851
794.525512695,208.912506104,144.758270264,796.170471191,1420893256,935851
768.205810547,419.470001221,565.87322998,783.010620117,1420893256,935851
847.164855957,340.510925293,328.996063232,852.09979248,1420893256,935852
899.804260254,603.707763672,644.832275391,957.378540039,1420893257,8320
781.365661621,340.510925293,460.594482422,838.940002441,1420893257,8321
741.886108398,419.470001221,328.996063232,825.780151367,1420893257,8322
715.566467285,366.830627441,697.471679688,825.780151367,1420893257,8322
715.566467285,287.871551514,276.356689453,825.780151367,1420893257,8322
794.525512695,314.191253662,434.274810791,878.419494629,1420893257,8323
820.845214844,340.510925293,565.87322998,944.218688965,1420893257,8323
702.406616211,287.871551514,328.996063232,812.620300293,1420893257,8323
702.406616211,419.470001221,539.553527832,812.620300293,1420893257,8324
702.406616211,419.470001221,328.996063232,812.620300293,1420893257,8324
768.205810547,340.510925293,381.635437012,917.899047852,1420893257,8324
847.164855957,445.789672852,592.192932129,957.378540039,1420893257,8325
728.726318359,366.830627441,539.553527832,878.419494629,1420893257,8325
715.566467285,366.830627441,328.996063232,825.780151367,1420893257,8325
755.045959473,261.551879883,276.356689453,825.780151367,1420893257,8326
715.566467285,419.470001221,460.594482422,852.09979248,1420893257,8337
781.365661621,366.830627441,618.512634277,983.698242188,1420893257,82096
820.845214844,261.551879883,434.274810791,931.058898926,1420893257,82098
662.927062988,261.551879883,434.274810791,852.09979248,1420893257,82098
649.767211914,419.470001221,486.91418457,825.780151367,1420893257,82099
662.927062988,366.830627441,407.95513916,825.780151367,1420893257,82099
702.406616211,393.150299072,539.553527832,931.058898926,1420893257,82100
794.525512695,393.150299072,592.192932129,983.698242188,1420893257,82100
689.246765137,0.0,144.758270264,904.739196777,1420893257,82100
623.447570801,394.795288086,486.91418457,852.09979248,1420893257,82101
636.607421875,342.155914307,460.594482422,852.09979248,1420893257,82101
636.607421875,368.475585938,381.635437012,852.09979248,1420893257,82101
715.566467285,315.836212158,328.996063232,878.419494629,1420893257,82101
728.726318359,394.795288086,434.274810791,983.698242188,1420893257,82102
610.287719727,394.795288086,592.192932129,852.09979248,1420893257,82102
570.808166504,236.877166748,407.95513916,825.780151367,1420893257,82102
597.127868652,421.114959717,486.91418457,825.780151367,1420893257,82103
649.767211914,289.516540527,381.635437012,891.579345703,1420893257,150854
702.406616211,394.795288086,539.553527832,944.218688965,1420893257,150855
570.808166504,315.836212158,539.553527832,812.620300293,1420893257,150856
544.488464355,315.836212158,434.274810791,773.14074707,1420893257,150856
597.127868652,157.918106079,250.037017822,812.620300293,1420893257,150857
597.127868652,421.114959717,486.91418457,812.620300293,1420893257,150857
623.447570801,315.836212158,644.832275391,891.579345703,1420893257,150857
649.767211914,263.196868896,434.274810791,904.739196777,1420893257,150858
491.849121094,289.516540527,460.594482422,799.460449219,1420893257,150858
570.808166504,26.3196849823,171.077957153,759.980895996,1420893257,150858
570.808166504,342.155914307,671.151977539,786.300598145,1420893257,150859
597.127868652,210.557479858,539.553527832,825.780151367,1420893257,150859
676.086914062,236.877166748,355.315765381,904.739196777,1420893257,150859
597.127868652,78.9590530396,276.356689453,799.460449219,1420893257,150860
544.488464355,263.196868896,486.91418457,759.980895996,1420893257,150860
570.808166504,157.918106079,513.233886719,773.14074707,1420893257,150860
570.808166504,263.196868896,381.635437012,799.460449219,1420893257,225823
583.968017578,421.114959717,723.791320801,852.09979248,1420893257,225824
676.086914062,52.6393699646,197.397644043,878.419494629,1420893257,225825
505.008972168,315.836212158,671.151977539,746.821105957,1420893257,225825
505.008972168,0.0,302.676391602,720.501403809,1420893257,225825
531.328674316,236.877166748,539.553527832,746.821105957,1420893257,225826
610.287719727,131.598434448,407.95513916,759.980895996,1420893257,225826
649.767211914,289.516540527,460.594482422,852.09979248,1420893257,225826
518.168823242,394.795288086,723.791320801,746.821105957,1420893257,225827
465.529449463,210.557479858,276.356689453,681.021850586,1420893257,225827
518.168823242,157.918106079,407.95513916,720.501403809,1420893257,225827
518.168823242,263.196868896,434.274810791,733.661254883,1420893257,225828
531.328674316,263.196868896,592.192932129,812.620300293,1420893257,225828
610.287719727,105.278739929,302.676391602,812.620300293,1420893257,225828
452.369598389,263.196868896,644.832275391,707.341552734,1420893257,225829
478.68927002,0.0,197.397644043,641.542358398,1420893257,225830
478.68927002,236.877166748,513.233886719,694.18170166,1420893257,302083
505.008972168,210.557479858,486.91418457,720.501403809,1420893257,302084
557.64831543,289.516540527,434.274810791,773.14074707,1420893257,302085
478.68927002,236.877166748,486.91418457,667.861999512,1420893257,302085
399.730224609,236.877166748,328.996063232,615.22265625,1420893257,302085
426.04989624,236.877166748,776.430725098,641.542358398,1420893257,302086
452.369598389,131.598434448,250.037017822,667.861999512,1420893257,302086
452.369598389,131.598434448,486.91418457,667.861999512,1420893257,302086
531.328674316,131.598434448,302.676391602,773.14074707,1420893257,302087
399.730224609,263.196868896,434.274810791,641.542358398,1420893257,302087
373.410552979,421.114959717,723.791320801,588.902954102,1420893257,302087
426.04989624,289.516540527,328.996063232,641.542358398,1420893257,302087
478.68927002,236.877166748,381.635437012,667.861999512,1420893257,302088
505.008972168,342.155914307,539.553527832,720.501403809,1420893257,302088
399.730224609,342.155914307,592.192932129,667.861999512,1420893257,302088
373.410552979,342.155914307,381.635437012,588.902954102,1420893257,302089
426.04989624,131.598434448,276.356689453,641.542358398,1420893257,365812
465.529449463,184.237792969,250.037017822,667.861999512,1420893257,365813
465.529449463,315.836212158,592.192932129,720.501403809,1420893257,365813
518.168823242,157.918106079,355.315765381,746.821105957,1420893257,365814
347.09085083,289.516540527,592.192932129,615.22265625,1420893257,365814
360.250701904,0.0,144.758270264,588.902954102,1420893257,365814
399.730224609,289.516540527,592.192932129,641.542358398,1420893257,365815
399.730224609,315.836212158,644.832275391,667.861999512,1420893257,365815
452.369598389,236.877166748,250.037017822,694.18170166,1420893257,365815
333.930999756,236.877166748,434.274810791,641.542358398,1420893257,365816
254.971954346,263.196868896,250.037017822,562.583251953,1420893257,365816
294.451477051,289.516540527,644.832275391,615.22265625,1420893257,365816
347.09085083,263.196868896,460.594482422,641.542358398,1420893257,365817
373.410552979,131.598434448,276.356689453,641.542358398,1420893257,365817
412.890075684,289.516540527,592.192932129,694.18170166,1420893257,365817
268.13180542,263.196868896,486.91418457,562.583251953,1420893257,365817
215.492431641,289.516540527,565.87322998,529.683654785,1420893257,445816
294.451477051,289.516540527,302.676391602,602.062805176,1420893257,445818
320.771179199,210.557479858,276.356689453,648.122253418,1420893257,445818
347.09085083,315.836212158,460.594482422,667.861999512,1420893257,445819
268.13180542,394.795288086,565.87322998,549.423461914,1420893257,445819
189.172744751,289.516540527,302.676391602,483.624206543,1420893257,445819
241.812103271,315.836212158,513.233886719,569.163208008,1420893257,445820
294.451477051,157.918106079,250.037017822,602.062805176,1420893257,445820
294.451477051,157.918106079,302.676391602,621.80255127,1420893257,445820
347.09085083,289.516540527,355.315765381,641.542358398,1420893257,445821
241.812103271,236.877166748,328.996063232,529.683654785,1420893257,445821
241.812103271,210.557479858,250.037017822,496.784057617,1420893257,445821
294.451477051,315.836212158,513.233886719,582.323059082,1420893257,445821
294.451477051,236.877166748,407.95513916,595.482910156,1420893257,445822
320.771179199,315.836212158,276.356689453,628.382507324,1420893257,445822
241.812103271,315.836212158,486.91418457,536.26361084,1420893257,445824
753.401000977,496.784057617,199.042617798,751.75604248,1420893257,445824
806.040344238,391.505310059,435.919799805,804.395385742,1420893257,520856
832.360046387,391.505310059,41.1245079041,857.034729004,1420893257,520858
806.040344238,681.021850586,567.518188477,857.034729004,1420893257,520858
858.679748535,391.505310059,93.7638778687,857.034729004,1420893257,520859
700.76159668,654.702148438,567.518188477,751.75604248,1420893257,520859
700.76159668,470.464385986,356.960723877,672.796936035,1420893257,520859
779.720703125,523.103759766,251.681991577,778.075683594,1420893257,520860
779.720703125,470.464385986,409.600097656,751.75604248,1420893257,520860
806.040344238,444.144683838,67.444190979,778.075683594,1420893257,520860
727.081298828,681.021850586,541.198547363,725.436340332,1420893257,520861
674.441955566,549.423461914,251.681991577,620.157592773,1420893257,520861
753.401000977,444.144683838,67.444190979,672.796936035,1420893257,520861
779.720703125,628.382507324,330.641052246,699.116638184,1420893257,520862
753.401000977,575.743103027,435.919799805,725.436340332,1420893257,520862
806.040344238,496.784057617,199.042617798,725.436340332,1420893257,520862
700.76159668,654.702148438,488.559173584,672.796936035,1420893257,520863
700.76159668,365.185638428,120.083564758,567.518188477,1420893257,592086
806.040344238,523.103759766,304.321350098,672.796936035,1420893257,592088
806.040344238,602.062805176,488.559173584,699.116638184,1420893257,592089
832.360046387,654.702148438,356.960723877,699.116638184,1420893257,592089
779.720703125,496.784057617,356.960723877,567.518188477,1420893257,592089
700.76159668,575.743103027,225.362304688,514.878845215,1420893257,592089
779.720703125,444.144683838,383.280426025,593.837890625,1420893257,592090
806.040344238,549.423461914,146.403244019,646.477294922,1420893257,592090
753.401000977,707.341552734,567.518188477,646.477294922,1420893257,592090
806.040344238,444.144683838,93.7638778687,646.477294922,1420893257,592091
674.441955566,707.341552734,620.157592773,567.518188477,1420893257,592091
674.441955566,391.505310059,225.362304688,514.878845215,1420893257,592091
753.401000977,523.103759766,225.362304688,620.157592773,1420893257,592092
806.040344238,523.103759766,251.681991577,620.157592773,1420893257,592092
806.040344238,602.062805176,383.280426025,620.157592773,1420893257,592092
753.401000977,575.743103027,383.280426025,541.198547363,1420893257,592093
674.441955566,575.743103027,278.001678467,462.239471436,1420893257,667087
700.76159668,523.103759766,462.239471436,541.198547363,1420893257,667088
779.720703125,391.505310059,0.0,593.837890625,1420893257,667089
727.081298828,654.702148438,631.672424316,593.837890625,1420893257,667089
753.401000977,470.464385986,263.196868896,593.837890625,1420893257,667089
674.441955566,523.103759766,263.196868896,462.239471436,1420893257,667090
674.441955566,523.103759766,263.196868896,462.239471436,1420893257,667090
806.040344238,523.103759766,210.557479858,541.198547363,1420893257,667090
779.720703125,602.062805176,605.352783203,567.518188477,1420893257,667091
779.720703125,523.103759766,184.237792969,567.518188477,1420893257,667091
727.081298828,417.825012207,184.237792969,488.559173584,1420893257,667091
674.441955566,575.743103027,263.196868896,435.919799805,1420893257,667092
753.401000977,523.103759766,315.836212158,514.878845215,1420893257,667092
806.040344238,575.743103027,236.877166748,567.518188477,1420893257,667092
753.401000977,759.980895996,657.992126465,541.198547363,1420893257,667094
779.720703125,470.464385986,26.3196849823,541.198547363,1420893257,667094
700.76159668,628.382507324,289.516540527,462.239471436,1420893257,743313
661.282104492,444.144683838,157.918106079,409.600097656,1420893257,743314
806.040344238,523.103759766,157.918106079,514.878845215,1420893257,743315
806.040344238,549.423461914,289.516540527,514.878845215,1420893257,743315
806.040344238,654.702148438,289.516540527,514.878845215,1420893257,743315
713.921447754,733.661254883,526.393737793,462.239471436,1420893257,743316
674.441955566,602.062805176,78.9590530396,409.600097656,1420893257,743316
740.241149902,681.021850586,368.475585938,514.878845215,1420893257,743316
819.200195312,470.464385986,78.9590530396,541.198547363,1420893257,743317
792.880554199,417.825012207,210.557479858,488.559173584,1420893257,743317
792.880554199,575.743103027,447.434661865,488.559173584,1420893257,743317
700.76159668,417.825012207,26.3196849823,409.600097656,1420893257,743318
687.601806641,575.743103027,131.598434448,383.280426025,1420893257,743318
806.040344238,549.423461914,236.877166748,488.559173584,1420893257,743318
819.200195312,496.784057617,157.918106079,488.559173584,1420893257,743318
806.040344238,707.341552734,289.516540527,488.559173584,1420893257,743319
700.76159668,786.300598145,579.033081055,435.919799805,1420893257,805886
700.76159668,628.382507324,0.0,409.600097656,1420893257,805888
753.401000977,628.382507324,421.114959717,462.239471436,1420893257,805888
832.360046387,602.062805176,289.516540527,541.198547363,1420893257,805889
779.720703125,391.505310059,131.598434448,462.239471436,1420893257,805889
779.720703125,575.743103027,368.475585938,488.559173584,1420893257,805889
727.081298828,549.423461914,263.196868896,383.280426025,1420893257,805890
674.441955566,707.341552734,394.795288086,383.280426025,1420893257,805890
779.720703125,628.382507324,236.877166748,488.559173584,1420893257,805890
806.040344238,628.382507324,236.877166748,514.878845215,1420893257,805891
806.040344238,707.341552734,500.074035645,488.559173584,1420893257,805891
727.081298828,628.382507324,368.475585938,409.600097656,1420893257,805891
700.76159668,707.341552734,315.836212158,409.600097656,1420893257,805892
779.720703125,523.103759766,184.237792969,462.239471436,1420893257,805892
832.360046387,628.382507324,263.196868896,541.198547363,1420893257,805892
753.401000977,707.341552734,552.713378906,514.878845215,1420893257,805893
779.720703125,602.062805176,368.475585938,488.559173584,1420893257,882085
753.401000977,549.423461914,289.516540527,416.180023193,1420893257,882087
700.76159668,838.940002441,526.393737793,396.4402771,1420893257,882087
806.040344238,602.062805176,342.155914307,508.298919678,1420893257,882088
806.040344238,654.702148438,421.114959717,541.198547363,1420893257,882088
806.040344238,654.702148438,473.754333496,521.458740234,1420893257,882088
806.040344238,391.505310059,131.598434448,442.499725342,1420893257,882088
753.401000977,786.300598145,631.672424316,416.180023193,1420893257,882089
779.720703125,759.980895996,631.672424316,514.878845215,1420893257,882089
884.999450684,759.980895996,473.754333496,587.257995605,1420893257,882089
832.360046387,549.423461914,289.516540527,495.139068604,1420893257,882090
832.360046387,733.661254883,368.475585938,508.298919678,1420893257,882090
779.720703125,759.980895996,631.672424316,475.39932251,1420893257,882090
727.081298828,681.021850586,500.074035645,416.180023193,1420893257,882091
832.360046387,759.980895996,473.754333496,580.678039551,1420893257,882091
858.679748535,733.661254883,447.434661865,567.518188477,1420893257,882092
819.200195312,733.661254883,552.713378906,541.198547363,1420893257,960833
792.880554199,786.300598145,605.352783203,514.878845215,1420893257,960835
753.401000977,786.300598145,447.434661865,488.559173584,1420893257,960835
845.519897461,654.702148438,368.475585938,567.518188477,1420893257,960836
911.319091797,759.980895996,394.795288086,672.796936035,1420893257,960836
832.360046387,733.661254883,631.672424316,620.157592773,1420893257,960836
832.360046387,707.341552734,526.393737793,593.837890625,1420893257,960837
779.720703125,549.423461914,289.516540527,541.198547363,1420893257,960837
753.401000977,917.899047852,552.713378906,541.198547363,1420893257,960837
858.679748535,759.980895996,473.754333496,646.477294922,1420893257,960837
871.839599609,707.341552734,421.114959717,672.796936035,1420893257,960838
832.360046387,707.341552734,447.434661865,620.157592773,1420893257,960838
819.200195312,523.103759766,236.877166748,567.518188477,1420893257,960838
779.720703125,812.620300293,710.631530762,541.198547363,1420893257,960839
832.360046387,654.702148438,315.836212158,593.837890625,1420893257,960839
911.319091797,865.259643555,579.033081055,672.796936035,1420893257,960839
871.839599609,496.784057617,210.557479858,574.098144531,1420893258,29613
832.360046387,759.980895996,657.992126465,574.098144531,1420893258,29615
792.880554199,681.021850586,473.754333496,534.618591309,1420893258,29616
753.401000977,812.620300293,473.754333496,501.718994141,1420893258,29616
845.519897461,812.620300293,631.672424316,659.637145996,1420893258,29616
924.478942871,654.702148438,342.155914307,633.317443848,1420893258,29617
858.679748535,733.661254883,605.352783203,613.577697754,1420893258,29617
845.519897461,786.300598145,500.074035645,574.098144531,1420893258,29618
819.200195312,838.940002441,421.114959717,541.198547363,1420893258,29618
845.519897461,812.620300293,657.992126465,646.477294922,1420893258,29619
950.79864502,654.702148438,368.475585938,725.436340332,1420893258,29619
871.839599609,681.021850586,500.074035645,646.477294922,1420893258,29619
871.839599609,812.620300293,579.033081055,626.737487793,1420893258,29630
819.200195312,654.702148438,473.754333496,593.837890625,1420893258,29631
806.040344238,733.661254883,447.434661865,560.938293457,1420893258,29631
884.999450684,786.300598145,710.631530762,692.536743164,1420893258,29631
884.999450684,379.990447998,305.966339111,893.224304199,1420893258,29632
819.200195312,458.949523926,358.605712891,814.265258789,1420893258,107083
819.200195312,222.072341919,121.728546143,761.625915527,1420893258,107084
792.880554199,432.629821777,279.64666748,761.625915527,1420893258,107084
845.519897461,458.949523926,490.20413208,814.265258789,1420893258,107085
950.79864502,379.990447998,227.007293701,893.224304199,1420893258,107085
871.839599609,537.908569336,437.564758301,814.265258789,1420893258,107085
858.679748535,353.670776367,42.7694892883,787.945556641,1420893258,107086
819.200195312,537.908569336,516.523803711,787.945556641,1420893258,107086
792.880554199,485.269195557,411.24508667,735.306213379,1420893258,107086
858.679748535,406.310150146,174.367919922,840.584960938,1420893258,107087
950.79864502,432.629821777,174.367919922,840.584960938,1420893258,107087
832.360046387,485.269195557,332.28604126,761.625915527,1420893258,107087
819.200195312,590.547912598,490.20413208,735.306213379,1420893258,107088
806.040344238,485.269195557,227.007293701,735.306213379,1420893258,107089
845.519897461,432.629821777,490.20413208,814.265258789,1420893258,107089
950.79864502,274.711730957,0.0,866.904663086,1420893258,107089
845.519897461,511.588897705,552.713378906,814.265258789,1420893258,177141
838.940002441,353.670776367,289.516540527,761.625915527,1420893258,177143
806.040344238,274.711730957,78.9590530396,748.466064453,1420893258,177144
799.460449219,327.351074219,157.918106079,748.466064453,1420893258,177144
931.058898926,248.392028809,210.557479858,827.425109863,1420893258,177144
917.899047852,353.670776367,447.434661865,853.744812012,1420893258,177145
845.519897461,353.670776367,157.918106079,761.625915527,1420893258,177145
799.460449219,222.072341919,315.836212158,761.625915527,1420893258,177146
799.460449219,301.031402588,105.278739929,735.306213379,1420893258,177146
911.319091797,274.711730957,157.918106079,801.105407715,1420893258,177146
963.958496094,485.269195557,552.713378906,880.064453125,1420893258,177147
852.09979248,90.4739151001,0.0,748.466064453,1420893258,177147
832.360046387,274.711730957,78.9590530396,761.625915527,1420893258,177148
832.360046387,301.031402588,315.836212158,774.785766602,1420893258,177148
819.200195312,143.113296509,105.278739929,735.306213379,1420893258,177148
924.478942871,248.392028809,157.918106079,827.425109863,1420893258,177149
937.638793945,195.752655029,263.196868896,850.454833984,1420893258,262103
819.200195312,195.752655029,52.6393699646,735.306213379,1420893258,262105
799.460449219,458.949523926,500.074035645,745.176086426,1420893258,262106
799.460449219,274.711730957,105.278739929,738.596191406,1420893258,262106
891.579345703,222.072341919,184.237792969,794.525512695,1420893258,262106
957.378540039,379.990447998,315.836212158,883.354431152,1420893258,262107
845.519897461,195.752655029,210.557479858,778.075683594,1420893258,262107
812.620300293,248.392028809,157.918106079,751.75604248,1420893258,262107
819.200195312,64.1542358398,131.598434448,748.466064453,1420893258,262107
819.200195312,248.392028809,26.3196849823,748.466064453,1420893258,262108
891.579345703,327.351074219,500.074035645,824.135131836,1420893258,262108
911.319091797,90.4739151001,236.877166748,873.484558105,1420893258,262108
792.880554199,195.752655029,236.877166748,741.886108398,1420893258,262109
825.780151367,0.0,0.0,732.016235352,1420893258,262109
806.040344238,315.836212158,263.196868896,741.886108398,1420893258,262109
871.839599609,315.836212158,500.074035645,804.395385742,1420893258,262110
950.79864502,263.196868896,289.516540527,883.354431152,1420893258,322083
871.839599609,236.877166748,315.836212158,764.91583252,1420893258,322085
845.519897461,289.516540527,289.516540527,725.436340332,1420893258,322086
819.200195312,289.516540527,368.475585938,725.436340332,1420893258,322086
845.519897461,342.155914307,289.516540527,725.436340332,1420893258,322087
871.839599609,289.516540527,315.836212158,791.235534668,1420893258,322087
977.118347168,236.877166748,26.3196849823,830.715087891,1420893258,322093
845.519897461,421.114959717,394.795288086,685.956787109,1420893258,322103
845.519897461,579.033081055,579.033081055,685.956787109,1420893258,322110
845.519897461,421.114959717,210.557479858,685.956787109,1420893258,322118
898.159240723,315.836212158,236.877166748,738.596191406,1420893258,322125
950.79864502,342.155914307,184.237792969,817.555236816,1420893258,322132
819.200195312,368.475585938,473.754333496,725.436340332,1420893258,322140
819.200195312,368.475585938,263.196868896,685.956787109,1420893258,322147
819.200195312,263.196868896,210.557479858,685.956787109,1420893258,322156
845.519897461,184.237792969,0.0,685.956787109,1420893258,322161
924.478942871,236.877166748,342.155914307,738.596191406,1420893258,397128
937.638793945,289.516540527,368.475585938,804.395385742,1420893258,397129
832.360046387,342.155914307,184.237792969,659.637145996,1420893258,397129
819.200195312,421.114959717,394.795288086,659.637145996,1420893258,397130
832.360046387,394.795288086,52.6393699646,672.796936035,1420893258,397130
871.839599609,421.114959717,605.352783203,751.75604248,1420893258,397131
963.958496094,236.877166748,210.557479858,804.395385742,1420893258,397131
871.839599609,210.557479858,184.237792969,672.796936035,1420893258,397131
819.200195312,315.836212158,342.155914307,659.637145996,1420893258,397131
845.519897461,236.877166748,210.557479858,659.637145996,1420893258,397132
845.519897461,394.795288086,263.196868896,699.116638184,1420893258,397132
898.159240723,289.516540527,263.196868896,725.436340332,1420893258,397132
937.638793945,289.516540527,210.557479858,817.555236816,1420893258,397133
792.880554199,368.475585938,447.434661865,685.956787109,1420893258,397133
806.040344238,78.9590530396,52.6393699646,672.796936035,1420893258,397133
819.200195312,368.475585938,342.155914307,699.116638184,1420893258,397134
871.839599609,263.196868896,52.6393699646,699.116638184,1420893258,480851
924.478942871,342.155914307,157.918106079,778.075683594,1420893258,480854
766.560852051,421.114959717,421.114959717,699.116638184,1420893258,480854
766.560852051,315.836212158,157.918106079,620.157592773,1420893258,480855
792.880554199,131.598434448,131.598434448,620.157592773,1420893258,480855
792.880554199,447.434661865,289.516540527,646.477294922,1420893258,480855
792.880554199,342.155914307,289.516540527,699.116638184,1420893258,480856
871.839599609,263.196868896,78.9590530396,725.436340332,1420893258,480856
740.241149902,394.795288086,394.795288086,593.837890625,1420893258,480857
740.241149902,52.6393699646,0.0,593.837890625,1420893258,480857
766.560852051,342.155914307,421.114959717,620.157592773,1420893258,480858
819.200195312,263.196868896,236.877166748,672.796936035,1420893258,480858
871.839599609,394.795288086,263.196868896,725.436340332,1420893258,480859
792.880554199,315.836212158,263.196868896,620.157592773,1420893258,480859
740.241149902,342.155914307,131.598434448,593.837890625,1420893258,480860
740.241149902,394.795288086,526.393737793,646.477294922,1420893258,480860
779.720703125,236.877166748,157.918106079,646.477294922,1420893258,543326
740.241149902,236.877166748,315.836212158,685.956787109,1420893258,543328
871.839599609,315.836212158,263.196868896,738.596191406,1420893258,543328
700.76159668,342.155914307,526.393737793,580.678039551,1420893258,543328
713.921447754,236.877166748,342.155914307,620.157592773,1420893258,543328
766.560852051,368.475585938,342.155914307,620.157592773,1420893258,543329
819.200195312,210.557479858,184.237792969,633.317443848,1420893258,543329
858.679748535,263.196868896,210.557479858,712.276489258,1420893258,543329
766.560852051,500.074035645,631.672424316,646.477294922,1420893258,543330
700.76159668,289.516540527,289.516540527,554.358398438,1420893258,543330
700.76159668,315.836212158,526.393737793,633.317443848,1420893258,543330
792.880554199,157.918106079,210.557479858,606.997741699,1420893258,543331
832.360046387,157.918106079,263.196868896,606.997741699,1420893258,543331
845.519897461,263.196868896,552.713378906,725.436340332,1420893258,543331
713.921447754,184.237792969,210.557479858,541.198547363,1420893258,543333
727.081298828,210.557479858,263.196868896,541.198547363,1420893258,543333
753.401000977,263.196868896,210.557479858,593.837890625,1420893258,622098
779.720703125,263.196868896,500.074035645,620.157592773,1420893258,622100
832.360046387,210.557479858,184.237792969,672.796936035,1420893258,622100
674.441955566,500.074035645,579.033081055,567.518188477,1420893258,622101
648.122253418,263.196868896,157.918106079,514.878845215,1420893258,622101
700.76159668,368.475585938,500.074035645,593.837890625,1420893258,622102
727.081298828,394.795288086,552.713378906,593.837890625,1420893258,622102
753.401000977,157.918106079,184.237792969,593.837890625,1420893258,622102
806.040344238,315.836212158,394.795288086,646.477294922,1420893258,622103
700.76159668,236.877166748,105.278739929,488.559173584,1420893258,622103
674.441955566,579.033081055,684.311828613,488.559173584,1420893258,622103
727.081298828,289.516540527,210.557479858,541.198547363,1420893258,622104
753.401000977,236.877166748,210.557479858,567.518188477,1420893258,622104
779.720703125,263.196868896,210.557479858,620.157592773,1420893258,622105
674.441955566,394.795288086,526.393737793,514.878845215,1420893258,622105
621.80255127,315.836212158,315.836212158,462.239471436,1420893258,622105
810.975280762,519.813781738,370.120574951,845.519897461,1420893258,622106
863.614685059,388.215362549,238.522155762,845.519897461,1420893258,702071
863.614685059,256.616943359,238.522155762,871.839599609,1420893258,702073
889.934387207,519.813781738,606.997741699,898.159240723,1420893258,702073
705.696594238,414.53503418,264.841827393,792.880554199,1420893258,702073
732.016235352,388.215362549,343.80090332,792.880554199,1420893258,702074
784.655639648,414.53503418,238.522155762,845.519897461,1420893258,702074
837.29498291,388.215362549,370.120574951,845.519897461,1420893258,702074
863.614685059,361.8956604,238.522155762,924.478942871,1420893258,702074
732.016235352,361.8956604,343.80090332,819.200195312,1420893258,702075
679.37689209,414.53503418,370.120574951,766.560852051,1420893258,702075
732.016235352,414.53503418,291.161529541,819.200195312,1420893258,702075
784.655639648,414.53503418,475.39932251,845.519897461,1420893258,702076
732.016235352,256.616943359,159.563095093,845.519897461,1420893258,702076
837.29498291,388.215362549,317.481201172,898.159240723,1420893258,702076
705.696594238,361.8956604,370.120574951,792.880554199,1420893258,702077
705.696594238,414.53503418,343.80090332,740.241149902,1420893258,702077
771.495788574,388.215362549,212.202468872,845.519897461,1420893258,762043
771.495788574,309.256317139,343.80090332,845.519897461,1420893258,762044
810.975280762,388.215362549,185.882781982,871.839599609,1420893258,762045
679.37689209,519.813781738,606.997741699,766.560852051,1420893258,762045
626.737487793,388.215362549,291.161529541,661.282104492,1420893258,762045
653.057189941,282.93661499,317.481201172,713.921447754,1420893258,762046
745.176086426,256.616943359,80.6040344238,740.241149902,1420893258,762046
745.176086426,361.8956604,501.718994141,740.241149902,1420893258,762046
771.495788574,256.616943359,501.718994141,792.880554199,1420893258,762047
626.737487793,335.57598877,317.481201172,687.601806641,1420893258,762047
626.737487793,361.8956604,422.75994873,661.282104492,1420893258,762047
705.696594238,335.57598877,185.882781982,740.241149902,1420893258,762047
692.536743164,440.854736328,712.276489258,766.560852051,1420893258,762048
745.176086426,388.215362549,449.079620361,792.880554199,1420893258,762049
639.897338867,282.93661499,343.80090332,687.601806641,1420893258,762050
587.257995605,388.215362549,238.522155762,634.962402344,1420893258,762050
666.217041016,440.854736328,475.39932251,713.921447754,1420893258,840821
692.536743164,414.53503418,554.358398438,740.241149902,1420893258,840822
692.536743164,256.616943359,291.161529541,713.921447754,1420893258,840823
718.856384277,440.854736328,580.678039551,713.921447754,1420893258,840823
587.257995605,388.215362549,343.80090332,608.642700195,1420893258,840824
534.618591309,651.412231445,685.956787109,608.642700195,1420893258,840824
613.577697754,467.174407959,317.481201172,687.601806641,1420893258,840824
639.897338867,388.215362549,291.161529541,687.601806641,1420893258,840825
639.897338867,335.57598877,159.563095093,713.921447754,1420893258,840825
534.618591309,546.133483887,528.038696289,661.282104492,1420893258,840825
481.979248047,493.494110107,501.718994141,582.323059082,1420893258,840826
534.618591309,309.256317139,264.841827393,608.642700195,1420893258,840826
587.257995605,572.453186035,422.75994873,687.601806641,1420893258,840826
534.618591309,572.453186035,554.358398438,661.282104492,1420893258,840827
613.577697754,467.174407959,238.522155762,713.921447754,1420893258,840827
481.979248047,625.092529297,580.678039551,634.962402344,1420893258,840827
462.239471436,282.93661499,238.522155762,569.163208008,1420893258,909619
574.098144531,467.174407959,291.161529541,687.601806641,1420893258,909621
574.098144531,572.453186035,685.956787109,687.601806641,1420893258,909621
606.997741699,440.854736328,396.4402771,713.921447754,1420893258,909622
534.618591309,440.854736328,396.4402771,595.482910156,1420893258,909622
455.659545898,467.174407959,396.4402771,556.003356934,1420893258,909622
528.038696289,493.494110107,554.358398438,648.122253418,1420893258,909623
587.257995605,440.854736328,343.80090332,687.601806641,1420893258,909623
580.678039551,309.256317139,370.120574951,661.282104492,1420893258,909623
587.257995605,440.854736328,501.718994141,687.601806641,1420893258,909624
495.139068604,388.215362549,317.481201172,595.482910156,1420893258,909624
462.239471436,704.051574707,685.956787109,556.003356934,1420893258,909624
580.678039551,467.174407959,291.161529541,687.601806641,1420893258,909625
600.41784668,414.53503418,422.75994873,674.441955566,1420893258,909625
600.41784668,467.174407959,396.4402771,687.601806641,1420893258,909625
481.979248047,493.494110107,554.358398438,648.122253418,1420893258,909626
455.659545898,493.494110107,449.079620361,556.003356934,1420893258,984582
534.618591309,440.854736328,343.80090332,648.122253418,1420893258,984585
587.257995605,467.174407959,554.358398438,687.601806641,1420893258,984586
560.938293457,309.256317139,449.079620361,661.282104492,1420893258,984586
560.938293457,440.854736328,659.637145996,674.441955566,1420893258,984587
508.298919678,388.215362549,370.120574951,595.482910156,1420893258,984587
481.979248047,519.813781738,554.358398438,556.003356934,1420893258,984588
613.577697754,467.174407959,317.481201172,674.441955566,1420893258,984588
560.938293457,519.813781738,764.91583252,687.601806641,1420893258,984588
587.257995605,440.854736328,475.39932251,687.601806641,1420893258,984589
508.298919678,388.215362549,449.079620361,595.482910156,1420893258,984589
455.659545898,493.494110107,396.4402771,569.163208008,1420893258,984589
534.618591309,493.494110107,580.678039551,661.282104492,1420893258,984590
587.257995605,440.854736328,580.678039551,713.921447754,1420893258,984592
560.938293457,335.57598877,501.718994141,700.76159668,1420893258,984593
560.938293457,467.174407959,738.596191406,674.441955566,1420893258,984593
508.298919678,282.93661499,238.522155762,595.482910156,1420893259,53319
442.499725342,783.010620117,896.514282227,595.482910156,1420893259,53321
574.098144531,467.174407959,449.079620361,700.76159668,1420893259,53321
600.41784668,361.8956604,343.80090332,700.76159668,1420893259,53321
574.098144531,414.53503418,422.75994873,700.76159668,1420893259,53322
495.139068604,598.772827148,685.956787109,674.441955566,1420893259,53322
455.659545898,546.133483887,580.678039551,595.482910156,1420893259,53322
534.618591309,467.174407959,475.39932251,648.122253418,1420893259,53322
613.577697754,519.813781738,580.678039551,700.76159668,1420893259,53323
600.41784668,230.297241211,238.522155762,648.122253418,1420893259,53323
574.098144531,546.133483887,843.874938965,674.441955566,1420893259,53323
481.979248047,414.53503418,580.678039551,621.80255127,1420893259,53324
481.979248047,309.256317139,291.161529541,569.163208008,1420893259,53324
587.257995605,467.174407959,422.75994873,674.441955566,1420893259,53324
587.257995605,519.813781738,633.317443848,674.441955566,1420893259,53325
587.257995605,309.256317139,343.80090332,674.441955566,1420893259,53325
508.298919678,625.092529297,633.317443848,621.80255127,1420893259,127038
481.979248047,519.813781738,449.079620361,569.163208008,1420893259,127040
587.257995605,519.813781738,449.079620361,674.441955566,1420893259,127040
666.217041016,704.051574707,843.874938965,727.081298828,1420893259,127040
613.577697754,335.57598877,343.80090332,648.122253418,1420893259,127041
613.577697754,572.453186035,606.997741699,674.441955566,1420893259,127041
587.257995605,335.57598877,291.161529541,648.122253418,1420893259,127041
534.618591309,704.051574707,580.678039551,595.482910156,1420893259,127042
666.217041016,598.772827148,685.956787109,753.401000977,1420893259,127042
666.217041016,414.53503418,264.841827393,700.76159668,1420893259,127042
666.217041016,546.133483887,475.39932251,700.76159668,1420893259,127043
613.577697754,625.092529297,633.317443848,674.441955566,1420893259,127043
587.257995605,625.092529297,501.718994141,621.80255127,1420893259,127043
666.217041016,625.092529297,528.038696289,700.76159668,1420893259,127044
718.856384277,598.772827148,580.678039551,753.401000977,1420893259,127044
692.536743164,309.256317139,212.202468872,700.76159668,1420893259,127044
653.057189941,651.412231445,764.91583252,727.081298828,1420893259,202124
626.737487793,546.133483887,317.481201172,700.76159668,1420893259,202125
560.938293457,704.051574707,606.997741699,648.122253418,1420893259,202125
705.696594238,572.453186035,264.841827393,779.720703125,1420893259,202126
705.696594238,651.412231445,659.637145996,779.720703125,1420893259,202126
692.536743164,519.813781738,501.718994141,753.401000977,1420893259,202126
666.217041016,493.494110107,317.481201172,700.76159668,1420893259,202127
613.577697754,651.412231445,501.718994141,674.441955566,1420893259,202127
732.016235352,467.174407959,291.161529541,727.081298828,1420893259,202127
771.495788574,730.371276855,501.718994141,806.040344238,1420893259,202128
679.37689209,730.371276855,659.637145996,779.720703125,1420893259,202128
692.536743164,625.092529297,264.841827393,753.401000977,1420893259,202128
653.057189941,677.731872559,528.038696289,727.081298828,1420893259,202129
613.577697754,704.051574707,554.358398438,700.76159668,1420893259,202130
771.495788574,572.453186035,343.80090332,806.040344238,1420893259,202131
745.176086426,598.772827148,633.317443848,806.040344238,1420893259,202131
840.584960938,320.771179199,59.219291687,843.874938965,1420893259,202133
787.945556641,610.287719727,454.014587402,817.555236816,1420893259,280870
787.945556641,557.64831543,322.416137695,791.235534668,1420893259,280871
840.584960938,452.369598389,190.817718506,870.194580078,1420893259,280872
972.183410645,426.04989624,138.178344727,975.473327637,1420893259,280872
919.544006348,373.410552979,269.776763916,922.833984375,1420893259,280872
893.224304199,531.328674316,480.334259033,896.514282227,1420893259,280873
893.224304199,531.328674316,217.137405396,870.194580078,1420893259,280873
814.265258789,689.246765137,559.293334961,817.555236816,1420893259,280873
945.863708496,452.369598389,59.219291687,949.153686523,1420893259,280874
945.863708496,531.328674316,427.694885254,949.153686523,1420893259,280874
893.224304199,399.730224609,164.498031616,922.833984375,1420893259,280874
840.584960938,662.927062988,427.694885254,870.194580078,1420893259,280875
840.584960938,557.64831543,217.137405396,870.194580078,1420893259,280875
893.224304199,610.287719727,375.055511475,949.153686523,1420893259,280875
998.503051758,636.607421875,559.293334961,1001.79302979,1420893259,280876
919.544006348,189.172744751,6.57992124557,949.153686523,1420893259,280876
919.544006348,610.287719727,243.457092285,922.833984375,1420893259,350868
945.863708496,478.68927002,85.5389785767,896.514282227,1420893259,350869
866.904663086,741.886108398,401.375213623,857.034729004,1420893259,350869
1051.14245605,531.328674316,85.5389785767,975.473327637,1420893259,350870
1051.14245605,583.968017578,296.096466064,1014.95288086,1420893259,350870
998.503051758,583.968017578,111.858665466,962.313476562,1420893259,350870
972.183410645,583.968017578,296.096466064,922.833984375,1420893259,350871
972.183410645,662.927062988,138.178344727,909.674133301,1420893259,350871
1051.14245605,662.927062988,243.457092285,1001.79302979,1420893259,350871
1130.10144043,557.64831543,164.498031616,1067.59228516,1420893259,350871
1077.4621582,399.730224609,111.858665466,988.633178711,1420893259,350872
1024.82275391,610.287719727,427.694885254,962.313476562,1420893259,350872
1024.82275391,452.369598389,6.57992124557,922.833984375,1420893259,350872
998.503051758,715.566467285,348.735839844,909.674133301,1420893259,350873
1103.78186035,557.64831543,85.5389785767,1014.95288086,1420893259,350873
1103.78186035,610.287719727,401.375213623,1028.1126709,1420893259,350873
1051.14245605,399.730224609,59.219291687,962.313476562,1420893259,424583
1051.14245605,557.64831543,138.178344727,949.153686523,1420893259,424585
1051.14245605,610.287719727,322.416137695,922.833984375,1420893259,424585
1156.42114258,531.328674316,269.776763916,1014.95288086,1420893259,424586
1261.69995117,636.607421875,427.694885254,1093.9119873,1420893259,424586
1182.74084473,268.13180542,32.8996086121,1028.1126709,1420893259,424586
1156.42114258,610.287719727,427.694885254,988.633178711,1420893259,424587
1156.42114258,452.369598389,59.219291687,975.473327637,1420893259,424587
1103.78186035,741.886108398,454.014587402,962.313476562,1420893259,424587
1235.38024902,531.328674316,85.5389785767,1054.43237305,1420893259,424588
1235.38024902,531.328674316,217.137405396,1080.7520752,1420893259,424588
1156.42114258,505.008972168,190.817718506,1001.79302979,1420893259,424588
1130.10144043,715.566467285,427.694885254,988.633178711,1420893259,424590
1130.10144043,662.927062988,296.096466064,975.473327637,1420893259,424591
1182.74084473,610.287719727,269.776763916,1054.43237305,1420893259,424591
1261.69995117,610.287719727,427.694885254,1120.23156738,1420893259,424592
1166.29101562,294.451477051,32.8996086121,1028.1126709,1420893259,493382
1126.81152344,715.566467285,506.653930664,1001.79302979,1420893259,493385
1143.26135254,557.64831543,59.219291687,1001.79302979,1420893259,493386
1113.6517334,820.845214844,427.694885254,988.633178711,1420893259,493386
1192.61071777,662.927062988,111.858665466,1067.59228516,1420893259,493387
1215.64050293,768.205810547,532.973632812,1146.55126953,1420893259,493387
1120.23156738,610.287719727,322.416137695,1014.95288086,1420893259,493388
1130.10144043,426.04989624,85.5389785767,1001.79302979,1420893259,493388
1120.23156738,741.886108398,454.014587402,1001.79302979,1420893259,493389
1235.38024902,557.64831543,32.8996086121,1080.7520752,1420893259,493389
1274.85974121,873.484558105,638.252380371,1146.55126953,1420893259,493390
1143.26135254,583.968017578,243.457092285,1054.43237305,1420893259,493390
1139.97143555,689.246765137,190.817718506,1014.95288086,1420893259,493391
1146.55126953,636.607421875,217.137405396,1014.95288086,1420893259,493391
1139.97143555,873.484558105,454.014587402,1014.95288086,1420893259,493392
1228.80029297,689.246765137,217.137405396,1080.7520752,1420893259,493392
1241.96020508,636.607421875,348.735839844,1126.81152344,1420893259,565899
1110.36169434,557.64831543,85.5389785767,1001.79302979,1420893259,565901
1123.52160645,794.525512695,296.096466064,1028.1126709,1420893259,565901
1123.52160645,794.525512695,532.973632812,995.213134766,1420893259,565901
1202.48059082,557.64831543,59.219291687,1028.1126709,1420893259,565902
1268.27978516,794.525512695,348.735839844,1139.97143555,1420893259,565902
1202.48059082,531.328674316,59.219291687,1021.53277588,1420893259,565902
1136.68139648,741.886108398,243.457092285,1008.3729248,1420893259,565902
1136.68139648,715.566467285,454.014587402,1034.69262695,1420893259,565903
1149.84130859,452.369598389,0.0,1008.3729248,1420893259,565903
1215.64050293,610.287719727,210.557479858,1100.49182129,1420893259,565903
1255.11999512,689.246765137,368.475585938,1126.81152344,1420893259,565904
1123.52160645,452.369598389,26.3196849823,995.213134766,1420893259,565904
1123.52160645,741.886108398,289.516540527,995.213134766,1420893259,565904
1123.52160645,689.246765137,289.516540527,1001.79302979,1420893259,565904
1202.48059082,610.287719727,78.9590530396,1107.07177734,1420893259,565905
1255.11999512,741.886108398,473.754333496,1146.55126953,1420893259,632128
1176.16088867,347.09085083,26.3196849823,1028.1126709,1420893259,632130
1123.52160645,689.246765137,421.114959717,975.473327637,1420893259,632130
1149.84130859,531.328674316,26.3196849823,988.633178711,1420893259,632131
1149.84130859,952.443603516,526.393737793,988.633178711,1420893259,632131
1202.48059082,610.287719727,210.557479858,1041.27258301,1420893259,632132
1228.80029297,610.287719727,184.237792969,1107.07177734,1420893259,632132
1097.2019043,557.64831543,184.237792969,975.473327637,1420893259,632132
1123.52160645,505.008972168,105.278739929,975.473327637,1420893259,632133
1123.52160645,741.886108398,579.033081055,975.473327637,1420893259,632133
1176.16088867,505.008972168,105.278739929,1014.95288086,1420893259,632133
1255.11999512,557.64831543,131.598434448,1093.9119873,1420893259,632134
1176.16088867,557.64831543,184.237792969,975.473327637,1420893259,632135
1123.52160645,662.927062988,342.155914307,949.153686523,1420893259,632136
1176.16088867,610.287719727,131.598434448,962.313476562,1420893259,632136
1149.84130859,899.804260254,526.393737793,975.473327637,1420893259,632137
1176.16088867,610.287719727,52.6393699646,988.633178711,1420893259,713336
1268.27978516,715.566467285,368.475585938,1067.59228516,1420893259,713337
1097.2019043,662.927062988,394.795288086,883.354431152,1420893259,713338
1090.62194824,557.64831543,52.6393699646,909.674133301,1420893259,713338
1123.52160645,794.525512695,368.475585938,935.993835449,1420893259,713338
1163.00109863,662.927062988,263.196868896,1014.95288086,1420893259,713339
1248.54003906,689.246765137,263.196868896,1067.59228516,1420893259,713339
1123.52160645,768.205810547,315.836212158,949.153686523,1420893259,713339
1077.4621582,741.886108398,105.278739929,909.674133301,1420893259,713339
1103.78186035,610.287719727,210.557479858,922.833984375,1420893259,713340
1123.52160645,741.886108398,210.557479858,949.153686523,1420893259,713340
1143.26135254,794.525512695,421.114959717,1028.1126709,1420893259,713340
1228.80029297,636.607421875,52.6393699646,1028.1126709,1420893259,713341
1070.88220215,873.484558105,526.393737793,922.833984375,1420893259,713341
1077.4621582,505.008972168,105.278739929,883.354431152,1420893259,713341
1097.2019043,741.886108398,236.877166748,909.674133301,1420893259,713341
1123.52160645,715.566467285,394.795288086,962.313476562,1420893259,800824
1202.48059082,583.968017578,0.0,1014.95288086,1420893259,800826
1097.2019043,636.607421875,368.475585938,883.354431152,1420893259,800826
1018.24285889,636.607421875,394.795288086,804.395385742,1420893259,800826
1018.24285889,636.607421875,263.196868896,857.034729004,1420893259,800827
1044.5625,662.927062988,315.836212158,857.034729004,1420893259,800827
1070.88220215,689.246765137,315.836212158,883.354431152,1420893259,800827
1123.52160645,557.64831543,52.6393699646,935.993835449,1420893259,800828
965.60345459,794.525512695,605.352783203,804.395385742,1420893259,800828
965.60345459,557.64831543,210.557479858,778.075683594,1420893259,800828
991.923156738,662.927062988,157.918106079,830.715087891,1420893259,800828
1044.5625,689.246765137,368.475585938,883.354431152,1420893259,800829
1070.88220215,636.607421875,394.795288086,909.674133301,1420893259,800829
991.923156738,373.410552979,157.918106079,830.715087891,1420893259,800829
939.283752441,610.287719727,605.352783203,751.75604248,1420893259,800830
939.283752441,505.008972168,236.877166748,778.075683594,1420893259,800830
838.940002441,546.133483887,338.865936279,850.454833984,1420893259,800832
838.940002441,440.854736328,286.226593018,824.135131836,1420893259,860885
917.899047852,440.854736328,180.9478302,903.094238281,1420893259,860887
759.980895996,519.813781738,338.865936279,718.856384277,1420893259,860887
733.661254883,546.133483887,391.505310059,718.856384277,1420893259,860888
812.620300293,546.133483887,286.226593018,771.495788574,1420893259,860888
838.940002441,335.57598877,128.30847168,771.495788574,1420893259,860888
917.899047852,335.57598877,75.6690979004,824.135131836,1420893259,860889
838.940002441,546.133483887,365.185638428,718.856384277,1420893259,860889
786.300598145,467.174407959,391.505310059,692.536743164,1420893259,860889
838.940002441,335.57598877,75.6690979004,692.536743164,1420893259,860889
838.940002441,625.092529297,365.185638428,745.176086426,1420893259,860890
838.940002441,414.53503418,233.587203979,718.856384277,1420893259,860891
917.899047852,388.215362549,259.906890869,797.815490723,1420893259,860891
759.980895996,361.8956604,259.906890869,639.897338867,1420893259,860892
759.980895996,440.854736328,128.30847168,639.897338867,1420893259,860893
812.620300293,519.813781738,312.546264648,718.856384277,1420893259,860893
838.940002441,440.854736328,154.628158569,745.176086426,1420893259,940891
891.579345703,572.453186035,470.464385986,797.815490723,1420893259,940893
733.661254883,72.3791351318,0.0,666.217041016,1420893259,940893
681.021850586,519.813781738,447.434661865,587.257995605,1420893259,940893
733.661254883,388.215362549,78.9590530396,587.257995605,1420893259,940893
759.980895996,704.051574707,473.754333496,666.217041016,1420893259,940894
759.980895996,414.53503418,131.598434448,613.577697754,1420893259,940894
812.620300293,414.53503418,184.237792969,718.856384277,1420893259,940904
681.021850586,388.215362549,236.877166748,560.938293457,1420893259,940904
654.702148438,572.453186035,315.836212158,560.938293457,1420893259,940905
733.661254883,546.133483887,421.114959717,639.897338867,1420893259,940905
733.661254883,414.53503418,131.598434448,639.897338867,1420893259,940905
812.620300293,467.174407959,342.155914307,692.536743164,1420893259,940905
759.980895996,203.97756958,0.0,587.257995605,1420893259,940906
681.021850586,572.453186035,394.795288086,560.938293457,1420893259,940906
707.341552734,361.8956604,184.237792969,587.257995605,1420893259,940906
773.14074707,414.53503418,105.278739929,639.897338867,1420893260,5836
733.661254883,572.453186035,421.114959717,613.577697754,1420893260,5838
812.620300293,414.53503418,289.516540527,666.217041016,1420893260,5838
654.702148438,493.494110107,579.033081055,534.618591309,1420893260,5839
654.702148438,414.53503418,263.196868896,508.298919678,1420893260,5839
733.661254883,467.174407959,236.877166748,587.257995605,1420893260,5839
733.661254883,467.174407959,368.475585938,639.897338867,1420893260,5840
799.460449219,467.174407959,368.475585938,639.897338867,1420893260,5840
681.021850586,414.53503418,315.836212158,560.938293457,1420893260,5841
641.542358398,493.494110107,184.237792969,508.298919678,1420893260,5841
773.14074707,388.215362549,157.918106079,560.938293457,1420893260,5842
759.980895996,730.371276855,579.033081055,613.577697754,1420893260,5842
786.300598145,388.215362549,263.196868896,587.257995605,1420893260,5842
786.300598145,440.854736328,368.475585938,639.897338867,1420893260,5842
667.861999512,414.53503418,315.836212158,534.618591309,1420893260,5843
667.861999512,467.174407959,263.196868896,560.938293457,1420893260,5843
746.821105957,572.453186035,579.033081055,613.577697754,1420893260,82064
773.14074707,388.215362549,184.237792969,639.897338867,1420893260,82065
746.821105957,546.133483887,579.033081055,639.897338867,1420893260,82066
667.861999512,177.65788269,157.918106079,534.618591309,1420893260,82066
562.583251953,519.813781738,631.672424316,508.298919678,1420893260,82066
641.542358398,388.215362549,394.795288086,587.257995605,1420893260,82066
667.861999512,361.8956604,289.516540527,613.577697754,1420893260,82067
667.861999512,361.8956604,526.393737793,613.577697754,1420893260,82067
667.861999512,361.8956604,368.475585938,613.577697754,1420893260,82067
588.902954102,361.8956604,368.475585938,534.618591309,1420893260,82068
562.583251953,598.772827148,579.033081055,481.979248047,1420893260,82068
667.861999512,467.174407959,236.877166748,587.257995605,1420893260,82069
667.861999512,493.494110107,500.074035645,639.897338867,1420893260,82069
667.861999512,493.494110107,631.672424316,639.897338867,1420893260,82069
588.902954102,282.93661499,289.516540527,560.938293457,1420893260,82070
509.943908691,493.494110107,473.754333496,508.298919678,1420893260,82071
615.22265625,203.97756958,236.877166748,600.41784668,1420893260,145849
641.542358398,467.174407959,236.877166748,639.897338867,1420893260,145850
641.542358398,546.133483887,631.672424316,653.057189941,1420893260,145851
641.542358398,361.8956604,157.918106079,613.577697754,1420893260,145851
588.902954102,361.8956604,210.557479858,521.458740234,1420893260,145851
536.26361084,493.494110107,368.475585938,534.618591309,1420893260,145852
667.861999512,467.174407959,447.434661865,613.577697754,1420893260,145852
667.861999512,388.215362549,210.557479858,574.098144531,1420893260,145852
667.861999512,519.813781738,500.074035645,600.41784668,1420893260,145852
641.542358398,125.018508911,26.3196849823,521.458740234,1420893260,145853
536.26361084,493.494110107,526.393737793,468.819396973,1420893260,145853
615.22265625,440.854736328,394.795288086,587.257995605,1420893260,145853
667.861999512,414.53503418,210.557479858,587.257995605,1420893260,145854
641.542358398,572.453186035,394.795288086,560.938293457,1420893260,145854
667.861999512,414.53503418,157.918106079,574.098144531,1420893260,145854
588.902954102,572.453186035,657.992126465,521.458740234,1420893260,145855
556.003356934,440.854736328,289.516540527,442.499725342,1420893260,228330
681.021850586,493.494110107,210.557479858,600.41784668,1420893260,228332
713.921447754,546.133483887,342.155914307,626.737487793,1420893260,228333
713.921447754,467.174407959,236.877166748,600.41784668,1420893260,228333
634.962402344,467.174407959,236.877166748,547.778442383,1420893260,228333
575.743103027,546.133483887,289.516540527,481.979248047,1420893260,228333
687.601806641,493.494110107,394.795288086,600.41784668,1420893260,228334
733.661254883,493.494110107,236.877166748,639.897338867,1420893260,228334
733.661254883,388.215362549,289.516540527,639.897338867,1420893260,228334
713.921447754,493.494110107,368.475585938,626.737487793,1420893260,228335
681.021850586,388.215362549,0.0,560.938293457,1420893260,228335
602.062805176,704.051574707,447.434661865,547.778442383,1420893260,228335
753.401000977,572.453186035,368.475585938,692.536743164,1420893260,228336
759.980895996,467.174407959,157.918106079,679.37689209,1420893260,228336
740.241149902,625.092529297,526.393737793,666.217041016,1420893260,228336
707.341552734,309.256317139,105.278739929,587.257995605,1420893260,228336
615.22265625,598.772827148,473.754333496,534.618591309,1420893260,303371
746.821105957,440.854736328,157.918106079,666.217041016,1420893260,303377
773.14074707,677.731872559,368.475585938,718.856384277,1420893260,303384
740.241149902,519.813781738,289.516540527,692.536743164,1420893260,303393
740.241149902,519.813781738,289.516540527,679.37689209,1420893260,303415
667.861999512,493.494110107,447.434661865,666.217041016,1420893260,303425
654.702148438,493.494110107,105.278739929,587.257995605,1420893260,303431
799.460449219,572.453186035,342.155914307,771.495788574,1420893260,303438
779.720703125,414.53503418,289.516540527,745.176086426,1420893260,303444
759.980895996,414.53503418,184.237792969,718.856384277,1420893260,303449
681.021850586,519.813781738,289.516540527,679.37689209,1420893260,303454
634.962402344,546.133483887,289.516540527,600.41784668,1420893260,303460
792.880554199,361.8956604,52.6393699646,718.856384277,1420893260,303467
799.460449219,730.371276855,552.713378906,758.3359375,1420893260,303474
779.720703125,467.174407959,184.237792969,718.856384277,1420893260,303479
740.241149902,546.133483887,236.877166748,705.696594238,1420893260,303484
740.241149902,546.133483887,368.475585938,679.37689209,1420893260,369602
661.282104492,493.494110107,184.237792969,639.897338867,1420893260,369604
845.519897461,519.813781738,368.475585938,824.135131836,1420893260,369604
845.519897461,493.494110107,184.237792969,784.655639648,1420893260,369604
819.200195312,388.215362549,184.237792969,758.3359375,1420893260,369605
792.880554199,625.092529297,315.836212158,718.856384277,1420893260,369605
740.241149902,598.772827148,342.155914307,639.897338867,1420893260,369605
845.519897461,519.813781738,263.196868896,758.3359375,1420893260,369606
898.159240723,572.453186035,263.196868896,810.975280762,1420893260,369606
898.159240723,282.93661499,0.0,745.176086426,1420893260,369606
845.519897461,625.092529297,315.836212158,745.176086426,1420893260,369607
845.519897461,467.174407959,263.196868896,718.856384277,1420893260,369607
766.560852051,625.092529297,263.196868896,666.217041016,1420893260,369607
924.478942871,519.813781738,210.557479858,810.975280762,1420893260,369607
924.478942871,519.813781738,263.196868896,810.975280762,1420893260,369608
871.839599609,519.813781738,263.196868896,771.495788574,1420893260,369608
835.650024414,218.78237915,90.4739151001,799.460449219,1420893260,369609
756.690979004,508.298919678,406.310150146,773.14074707,1420893260,462122
888.289367676,455.659545898,169.43296814,878.419494629,1420893260,462123
940.928771973,692.536743164,564.228271484,957.378540039,1420893260,462124
901.44921875,350.38079834,248.392028809,904.739196777,1420893260,462124
861.969726562,455.659545898,327.351074219,904.739196777,1420893260,462124
822.49017334,350.38079834,274.711730957,931.058898926,1420893260,462125
783.010620117,481.979248047,274.711730957,852.09979248,1420893260,462125
914.609069824,560.938293457,458.949523926,1062.65734863,1420893260,462125
954.088623047,350.38079834,11.5148620605,1062.65734863,1420893260,462126
888.289367676,481.979248047,379.990447998,1010.01794434,1420893260,462126
848.809875488,271.42175293,169.43296814,1010.01794434,1420893260,462126
809.330322266,534.618591309,511.588897705,957.378540039,1420893260,462126
927.768920898,350.38079834,90.4739151001,1036.33764648,1420893260,462127
967.248413086,587.257995605,406.310150146,1115.29663086,1420893260,462127
914.609069824,429.339874268,222.072341919,1036.33764648,1420893260,462127
888.289367676,481.979248047,274.711730957,1036.33764648,1420893260,462128
888.289367676,350.38079834,379.990447998,1036.33764648,1420893260,517147
809.330322266,429.339874268,90.4739151001,983.698242188,1420893260,517149
940.928771973,560.938293457,406.310150146,1141.61633301,1420893260,517150
967.248413086,403.020172119,116.79360199,1194.2557373,1420893260,517150
888.289367676,692.536743164,695.826660156,1115.29663086,1420893260,517151
835.650024414,324.061126709,222.072341919,1062.65734863,1420893260,517151
822.49017334,587.257995605,222.072341919,1036.33764648,1420893260,517151
954.088623047,455.659545898,169.43296814,1115.29663086,1420893260,517152
980.40826416,692.536743164,485.269195557,1194.2557373,1420893260,517152
861.969726562,639.897338867,485.269195557,1088.97692871,1420893260,517152
861.969726562,560.938293457,248.392028809,1088.97692871,1420893260,517154
861.969726562,560.938293457,327.351074219,1088.97692871,1420893260,517154
835.650024414,376.700500488,37.8345489502,1062.65734863,1420893260,517155
914.609069824,534.618591309,353.670776367,1141.61633301,1420893260,517155
954.088623047,534.618591309,353.670776367,1167.93603516,1420893260,517156
861.969726562,508.298919678,90.4739151001,1115.29663086,1420893260,517156
809.330322266,639.897338867,432.629821777,1036.33764648,1420893260,600863
809.330322266,613.577697754,327.351074219,1062.65734863,1420893260,600865
809.330322266,587.257995605,537.908569336,1115.29663086,1420893260,600865
940.928771973,534.618591309,222.072341919,1194.2557373,1420893260,600866
756.690979004,429.339874268,248.392028809,983.698242188,1420893260,600866
809.330322266,534.618591309,274.711730957,1036.33764648,1420893260,600866
756.690979004,508.298919678,274.711730957,983.698242188,1420893260,600867
809.330322266,534.618591309,248.392028809,1010.01794434,1420893260,600867
809.330322266,534.618591309,169.43296814,1010.01794434,1420893260,600867
888.289367676,560.938293457,248.392028809,1088.97692871,1420893260,600868
809.330322266,587.257995605,511.588897705,983.698242188,1420893260,600868
730.371276855,403.020172119,274.711730957,931.058898926,1420893260,600868
756.690979004,587.257995605,327.351074219,957.378540039,1420893260,600869
756.690979004,455.659545898,327.351074219,1010.01794434,1420893260,600869
914.609069824,508.298919678,274.711730957,1088.97692871,1420893260,600869
730.371276855,508.298919678,406.310150146,931.058898926,1420893260,600870
783.010620117,455.659545898,327.351074219,1010.01794434,1420893260,667119
704.051574707,376.700500488,353.670776367,904.739196777,1420893260,667121
783.010620117,455.659545898,301.031402588,1010.01794434,1420893260,667121
625.092529297,639.897338867,722.146362305,931.058898926,1420893260,667121
783.010620117,271.42175293,195.752655029,1010.01794434,1420893260,667122
704.051574707,297.741455078,301.031402588,957.378540039,1420893260,667122
651.412231445,534.618591309,537.908569336,931.058898926,1420893260,667122
651.412231445,403.020172119,327.351074219,931.058898926,1420893260,667123
730.371276855,403.020172119,301.031402588,983.698242188,1420893260,667123
835.650024414,481.979248047,458.949523926,1115.29663086,1420893260,667123
651.412231445,218.78237915,301.031402588,931.058898926,1420893260,667124
704.051574707,376.700500488,432.629821777,1010.01794434,1420893260,667124
572.453186035,324.061126709,485.269195557,931.058898926,1420893260,667124
756.690979004,218.78237915,116.79360199,1036.33764648,1420893260,667125
572.453186035,560.938293457,616.867614746,931.058898926,1420893260,667125
783.010620117,324.061126709,195.752655029,1062.65734863,1420893260,667125
625.092529297,534.618591309,669.507019043,904.739196777,1420893260,742078
598.772827148,8.22490215302,116.79360199,904.739196777,1420893260,742080
625.092529297,350.38079834,458.949523926,957.378540039,1420893260,742080
677.731872559,350.38079834,379.990447998,983.698242188,1420893260,742081
783.010620117,455.659545898,432.629821777,1088.97692871,1420893260,742081
625.092529297,429.339874268,511.588897705,904.739196777,1420893260,742081
730.371276855,350.38079834,195.752655029,1010.01794434,1420893260,742082
651.412231445,429.339874268,406.310150146,904.739196777,1420893260,742082
730.371276855,508.298919678,458.949523926,983.698242188,1420893260,742082
704.051574707,350.38079834,222.072341919,957.378540039,1420893260,742082
756.690979004,350.38079834,432.629821777,1036.33764648,1420893260,742084
598.772827148,245.10206604,169.43296814,852.09979248,1420893260,742084
651.412231445,350.38079834,195.752655029,878.419494629,1420893260,742085
730.371276855,403.020172119,511.588897705,957.378540039,1420893260,742086
756.690979004,271.42175293,169.43296814,957.378540039,1420893260,742086
756.690979004,534.618591309,406.310150146,1036.33764648,1420893260,742086
651.412231445,324.061126709,353.670776367,957.378540039,1420893260,820856
651.412231445,403.020172119,432.629821777,917.899047852,1420893260,820858
572.453186035,403.020172119,537.908569336,917.899047852,1420893260,820859
651.412231445,376.700500488,248.392028809,931.058898926,1420893260,820859
704.051574707,350.38079834,195.752655029,944.218688965,1420893260,820859
730.371276855,429.339874268,248.392028809,1049.49743652,1420893260,820860
546.133483887,481.979248047,564.228271484,865.259643555,1420893260,820860
572.453186035,350.38079834,274.711730957,878.419494629,1420893260,820860
598.772827148,455.659545898,274.711730957,931.058898926,1420893260,820861
651.412231445,324.061126709,301.031402588,957.378540039,1420893260,820861
651.412231445,455.659545898,327.351074219,996.858093262,1420893260,820861
598.772827148,587.257995605,537.908569336,996.858093262,1420893260,820861
493.494110107,403.020172119,222.072341919,865.259643555,1420893260,820862
572.453186035,376.700500488,222.072341919,970.538391113,1420893260,820862
546.133483887,297.741455078,90.4739151001,917.899047852,1420893260,820862
704.051574707,297.741455078,485.269195557,1075.81713867,1420893260,820863
651.412231445,297.741455078,406.310150146,1023.17779541,1420893260,884582
651.412231445,297.741455078,90.4739151001,944.218688965,1420893260,884583
598.772827148,534.618591309,406.310150146,944.218688965,1420893260,884584
572.453186035,403.020172119,169.43296814,917.899047852,1420893260,884584
651.412231445,376.700500488,432.629821777,970.538391113,1420893260,884584
651.412231445,350.38079834,143.113296509,970.538391113,1420893260,884585
730.371276855,297.741455078,143.113296509,996.858093262,1420893260,884585
519.813781738,429.339874268,379.990447998,838.940002441,1420893260,884585
704.051574707,297.741455078,301.031402588,970.538391113,1420893260,884586
625.092529297,297.741455078,64.1542358398,891.579345703,1420893260,884586
783.010620117,429.339874268,432.629821777,1075.81713867,1420893260,884586
730.371276855,271.42175293,90.4739151001,1023.17779541,1420893260,884586
677.731872559,534.618591309,564.228271484,1023.17779541,1420893260,884587
677.731872559,192.46270752,143.113296509,944.218688965,1420893260,884587
625.092529297,403.020172119,248.392028809,944.218688965,1420893260,884587
704.051574707,350.38079834,143.113296509,996.858093262,1420893260,884589
677.731872559,560.938293457,511.588897705,996.858093262,1420893260,962117
677.731872559,455.659545898,379.990447998,970.538391113,1420893260,962119
598.772827148,429.339874268,116.79360199,891.579345703,1420893260,962119
783.010620117,297.741455078,274.711730957,1049.49743652,1420893260,962119
704.051574707,403.020172119,143.113296509,996.858093262,1420893260,962119
940.928771973,455.659545898,590.547912598,1260.05493164,1420893260,962120
835.650024414,271.42175293,37.8345489502,1102.13684082,1420893260,962120
1230.4453125,192.46270752,169.43296814,1339.01403809,1420893260,962120
1177.8059082,481.979248047,327.351074219,1339.01403809,1420893260,962121
861.969726562,350.38079834,274.711730957,1049.49743652,1420893260,962121
1098.84692383,271.42175293,406.310150146,1233.73522949,1420893260,962123
1519.96179199,0.0,0.0,1523.25183105,1420893260,962123
1519.96179199,210.557479858,263.196868896,1417.97302246,1420893260,962123
1072.52722168,684.311828613,447.434661865,1128.45654297,1420893260,962124
1546.28149414,263.196868896,394.795288086,1523.25183105,1420893260,962124
1546.28149414,26.3196849823,263.196868896,1654.85021973,1420893260,962125
1515.02685547,230.297241211,176.012893677,1353.81884766,1420893260,962125
1436.06787109,572.453186035,491.849121094,1248.54003906,1420893261,35850
1682.81494141,19.7397632599,123.373527527,1459.09753418,1420893261,35852
1682.81494141,335.57598877,465.529449463,1380.1385498,1420893261,35852
1498.57714844,282.93661499,228.652267456,1248.54003906,1420893261,35853
1577.53613281,177.65788269,97.0538406372,1327.49914551,1420893261,35853
1656.49523926,677.731872559,728.726318359,1432.77783203,1420893261,35853
1603.85583496,230.297241211,333.930999756,1406.45825195,1420893261,35853
1551.21643066,203.97756958,176.012893677,1274.85974121,1420893261,35854
1551.21643066,493.494110107,491.849121094,1327.49914551,1420893261,35854
1419.61804199,309.256317139,281.291625977,1195.90075684,1420893261,35854
1577.53613281,361.8956604,491.849121094,1432.77783203,1420893261,35855
1524.89672852,309.256317139,333.930999756,1353.81884766,1420893261,35855
1077.4621582,730.371276855,623.447570801,1248.54003906,1420893261,35855
945.863708496,546.133483887,202.332580566,1037.98254395,1420893261,35856
1419.61804199,361.8956604,386.570373535,1222.22033691,1420893261,35856
1235.38024902,361.8956604,333.930999756,1169.58105469,1420893261,35856
866.904663086,625.092529297,333.930999756,932.703857422,1420893261,108382
1156.42114258,625.092529297,465.529449463,1143.26135254,1420893261,108384
1288.01965332,440.854736328,386.570373535,1143.26135254,1420893261,108384
1024.82275391,598.772827148,649.767211914,1011.66290283,1420893261,108385
787.945556641,546.133483887,228.652267456,853.744812012,1420893261,108386
1340.65893555,335.57598877,439.209747314,1274.85974121,1420893261,108386
1314.3392334,361.8956604,465.529449463,1274.85974121,1420893261,108387
919.544006348,467.174407959,281.291625977,1011.66290283,1420893261,108387
893.224304199,651.412231445,518.168823242,985.343200684,1420893261,108387
1130.10144043,493.494110107,281.291625977,1143.26135254,1420893261,108388
1103.78186035,493.494110107,307.611328125,1143.26135254,1420893261,108388
919.544006348,625.092529297,544.488464355,1037.98254395,1420893261,108389
972.183410645,546.133483887,465.529449463,1064.30224609,1420893261,108389
998.503051758,546.133483887,254.971954346,1037.98254395,1420893261,108389
972.183410645,519.813781738,254.971954346,1037.98254395,1420893261,108390
893.224304199,546.133483887,360.250701904,1011.66290283,1420893261,108390
1024.82275391,467.174407959,518.168823242,1169.58105469,1420893261,180928
1103.78186035,519.813781738,281.291625977,1195.90075684,1420893261,180930
840.584960938,598.772827148,439.209747314,1011.66290283,1420893261,180930
840.584960938,519.813781738,386.570373535,1011.66290283,1420893261,180930
945.863708496,598.772827148,386.570373535,1090.62194824,1420893261,180931
919.544006348,625.092529297,544.488464355,1090.62194824,1420893261,180931
945.863708496,546.133483887,254.971954346,1143.26135254,1420893261,180931
840.584960938,335.57598877,333.930999756,1037.98254395,1420893261,180932
840.584960938,598.772827148,518.168823242,1037.98254395,1420893261,180932
840.584960938,467.174407959,281.291625977,1037.98254395,1420893261,180934
919.544006348,704.051574707,491.849121094,1090.62194824,1420893261,180934
893.224304199,519.813781738,307.611328125,1011.66290283,1420893261,180934
972.183410645,546.133483887,333.930999756,1169.58105469,1420893261,180935
787.945556641,677.731872559,623.447570801,985.343200684,1420893261,180936
814.265258789,309.256317139,176.012893677,985.343200684,1420893261,180936
866.904663086,677.731872559,439.209747314,1064.30224609,1420893261,180936
