TP9,FP1,FP2,TP10,timestamp,duration
307.611328125,783.010620117,963.958496094,1141.61633301,1417980997,400833
452.369598389,677.731872559,858.679748535,983.698242188,1417980997,400835
412.890075684,704.051574707,858.679748535,983.698242188,1417980997,400836
439.209747314,888.289367676,1016.59783936,1036.33764648,1417980997,400836
412.890075684,730.371276855,779.720703125,1036.33764648,1417980997,400836
333.930999756,809.330322266,832.360046387,1062.65734863,1417980997,400836
386.570373535,783.010620117,806.040344238,983.698242188,1417980997,400837
452.369598389,783.010620117,806.040344238,931.058898926,1417980997,400837
426.04989624,809.330322266,858.679748535,1010.01794434,1417980997,400837
439.209747314,888.289367676,937.638793945,1010.01794434,1417980997,400838
347.09085083,888.289367676,963.958496094,1036.33764648,1417980997,400838
307.611328125,888.289367676,884.999450684,1062.65734863,1417980997,400838
412.890075684,888.289367676,937.638793945,983.698242188,1417980997,400839
452.369598389,756.690979004,779.720703125,931.058898926,1417980997,400839
439.209747314,809.330322266,806.040344238,1010.01794434,1417980997,400839
373.410552979,888.289367676,884.999450684,1036.33764648,1417980997,400839
755.045959473,815.91027832,766.560852051,909.674133301,1417980997,409556
834.005004883,789.590576172,766.560852051,817.555236816,1417980997,488287
886.64440918,789.590576172,792.880554199,745.176086426,1417980997,488289
834.005004883,894.86932373,977.118347168,857.034729004,1417980997,488290
834.005004883,894.86932373,924.478942871,863.614685059,1417980997,488290
755.045959473,763.270874023,766.560852051,896.514282227,1417980997,488291
728.726318359,815.91027832,819.200195312,896.514282227,1417980997,488291
834.005004883,736.951171875,740.241149902,810.975280762,1417980997,488292
834.005004883,736.951171875,819.200195312,797.815490723,1417980997,488292
834.005004883,921.188964844,1003.43798828,876.774536133,1417980997,488293
834.005004883,736.951171875,766.560852051,857.034729004,1417980997,488293
755.045959473,789.590576172,819.200195312,889.934387207,1417980997,488294
781.365661621,842.229919434,924.478942871,857.034729004,1417980997,488294
860.324707031,763.270874023,845.519897461,751.75604248,1417980997,488295
781.365661621,815.91027832,898.159240723,857.034729004,1417980997,488295
834.005004883,868.549621582,924.478942871,857.034729004,1417980997,488296
781.365661621,789.590576172,845.519897461,982.053283691,1417980997,488296
728.726318359,815.91027832,861.969726562,903.094238281,1417980997,559560
860.324707031,763.270874023,842.229919434,850.454833984,1417980997,559562
912.964111328,684.311828613,789.590576172,771.495788574,1417980997,559562
860.324707031,736.951171875,812.620300293,903.094238281,1417980997,559563
781.365661621,894.86932373,1000.14807129,955.733581543,1417980997,559563
781.365661621,763.270874023,825.780151367,929.413879395,1417980997,559563
807.68536377,763.270874023,858.679748535,876.774536133,1417980997,559563
912.964111328,736.951171875,838.940002441,797.815490723,1417980997,559564
860.324707031,763.270874023,894.86932373,903.094238281,1417980997,559564
860.324707031,842.229919434,960.668518066,903.094238281,1417980997,559564
834.005004883,552.713378906,585.612976074,876.774536133,1417980997,559565
781.365661621,736.951171875,838.940002441,903.094238281,1417980997,559565
939.283752441,684.311828613,829.070068359,850.454833984,1417980997,559565
939.283752441,684.311828613,855.389770508,797.815490723,1417980997,559566
912.964111328,684.311828613,838.940002441,929.413879395,1417980997,559566
886.64440918,710.631530762,848.809875488,929.413879395,1417980997,559566
834.005004883,657.992126465,717.211425781,929.413879395,1417980997,635819
886.64440918,736.951171875,822.49017334,876.774536133,1417980997,635822
991.923156738,710.631530762,822.49017334,797.815490723,1417980997,635822
912.964111328,736.951171875,875.129516602,929.413879395,1417980997,635823
912.964111328,763.270874023,875.129516602,929.413879395,1417980997,635823
860.324707031,736.951171875,875.129516602,955.733581543,1417980997,635823
834.005004883,710.631530762,796.170471191,903.094238281,1417980997,635824
939.283752441,579.033081055,638.252380371,850.454833984,1417980997,635824
939.283752441,631.672424316,796.170471191,824.135131836,1417980997,635824
912.964111328,710.631530762,796.170471191,929.413879395,1417980997,635824
860.324707031,763.270874023,901.44921875,955.733581543,1417980997,635825
860.324707031,684.311828613,796.170471191,929.413879395,1417980997,635825
912.964111328,657.992126465,743.53112793,876.774536133,1417980997,635826
1018.24285889,657.992126465,796.170471191,797.815490723,1417980997,635826
939.283752441,736.951171875,848.809875488,903.094238281,1417980997,635826
939.283752441,815.91027832,901.44921875,929.413879395,1417980997,635827
939.283752441,605.352783203,638.252380371,903.094238281,1417980997,702048
886.64440918,690.891723633,769.850830078,903.094238281,1417980997,702050
1044.5625,657.992126465,769.850830078,850.454833984,1417980997,702051
1044.5625,677.731872559,875.129516602,824.135131836,1417980997,702051
1018.24285889,822.49017334,1059.36730957,955.733581543,1417980997,702051
991.923156738,736.951171875,927.768920898,955.733581543,1417980997,702051
991.923156738,684.311828613,875.129516602,955.733581543,1417980997,702052
1097.2019043,671.151977539,875.129516602,903.094238281,1417980997,702052
1202.48059082,671.151977539,901.44921875,824.135131836,1417980997,702052
1149.84130859,671.151977539,848.809875488,903.094238281,1417980997,702053
1123.52160645,822.49017334,1033.04760742,955.733581543,1417980997,702053
1123.52160645,704.051574707,980.40826416,903.094238281,1417980997,702053
1044.5625,704.051574707,927.768920898,903.094238281,1417980997,702054
1149.84130859,730.371276855,1006.72796631,903.094238281,1417980997,702054
1202.48059082,684.311828613,954.088623047,771.495788574,1417980997,702054
1097.2019043,677.731872559,927.768920898,929.413879395,1417980997,702054
1057.72241211,835.650024414,1085.68701172,929.413879395,1417980997,780802
1057.72241211,651.412231445,901.44921875,903.094238281,1417980997,780804
1097.2019043,651.412231445,875.129516602,903.094238281,1417980997,780804
1215.64050293,651.412231445,927.768920898,824.135131836,1417980997,780805
1123.52160645,677.731872559,954.088623047,903.094238281,1417980997,780805
1110.36169434,756.690979004,1006.72796631,955.733581543,1417980997,780805
1110.36169434,651.412231445,901.44921875,903.094238281,1417980997,780806
1070.88220215,651.412231445,875.129516602,903.094238281,1417980997,780806
1215.64050293,572.453186035,875.129516602,824.135131836,1417980997,780806
1149.84130859,651.412231445,927.768920898,824.135131836,1417980997,780807
1110.36169434,730.371276855,980.40826416,982.053283691,1417980997,780807
1110.36169434,651.412231445,875.129516602,929.413879395,1417980997,780807
1070.88220215,651.412231445,848.809875488,929.413879395,1417980997,780807
1123.52160645,730.371276855,1006.72796631,903.094238281,1417980997,780808
1215.64050293,651.412231445,927.768920898,824.135131836,1417980997,780808
1097.2019043,730.371276855,1006.72796631,929.413879395,1417980997,780808
1116.94165039,756.690979004,1006.72796631,968.893432617,1417980997,860754
1133.39147949,546.133483887,848.809875488,916.25402832,1417980997,860757
1074.17211914,625.092529297,927.768920898,916.25402832,1417980997,860757
1163.00109863,598.772827148,875.129516602,889.934387207,1417980997,860757
1176.16088867,598.772827148,980.40826416,850.454833984,1417980997,860758
1097.2019043,677.731872559,1006.72796631,1034.69262695,1417980997,860758
1084.04199219,704.051574707,1112.00671387,1008.3729248,1417980997,860758
1093.9119873,598.772827148,1006.72796631,968.893432617,1417980997,860759
1205.77062988,440.854736328,796.170471191,863.614685059,1417980997,860759
1232.09033203,493.494110107,848.809875488,850.454833984,1417980997,860759
1123.52160645,704.051574707,1138.32641602,982.053283691,1417980997,860760
1110.36169434,704.051574707,1085.68701172,1034.69262695,1417980997,860760
1080.7520752,625.092529297,1059.36730957,1008.3729248,1417980997,860760
1093.9119873,572.453186035,980.40826416,955.733581543,1417980997,860761
1179.45092773,572.453186035,980.40826416,955.733581543,1417980997,860761
1212.35046387,625.092529297,1059.36730957,889.934387207,1417980997,860762
1090.62194824,572.453186035,980.40826416,1021.53277588,1417980997,917009
1070.88220215,704.051574707,1138.32641602,1021.53277588,1417980997,917011
1093.9119873,546.133483887,954.088623047,942.573730469,1417980997,917012
1153.13122559,625.092529297,1085.68701172,942.573730469,1417980997,917012
1248.54003906,625.092529297,1085.68701172,863.614685059,1417980997,917012
1133.39147949,572.453186035,980.40826416,916.25402832,1417980997,917013
1103.78186035,704.051574707,1138.32641602,995.213134766,1417980997,917013
1093.9119873,625.092529297,1112.00671387,968.893432617,1417980997,917013
1110.36169434,598.772827148,1033.04760742,942.573730469,1417980997,917014
1133.39147949,625.092529297,1085.68701172,968.893432617,1417980997,917014
1241.96020508,625.092529297,1085.68701172,837.29498291,1417980997,917014
1093.9119873,572.453186035,1033.04760742,995.213134766,1417980997,917015
1074.17211914,756.690979004,1217.28540039,995.213134766,1417980997,917015
1107.07177734,598.772827148,1085.68701172,916.25402832,1417980997,917015
1116.94165039,598.772827148,1006.72796631,916.25402832,1417980997,917015
1248.54003906,651.412231445,1138.32641602,837.29498291,1417980997,917016
1130.10144043,651.412231445,1138.32641602,916.25402832,1417980997,994594
1103.78186035,756.690979004,1217.28540039,968.893432617,1417980997,994596
1077.4621582,730.371276855,1190.96582031,968.893432617,1417980997,994597
1130.10144043,651.412231445,1112.00671387,889.934387207,1417980997,994597
1195.90075684,598.772827148,1033.04760742,889.934387207,1417980997,994597
1222.22033691,704.051574707,1217.28540039,837.29498291,1417980997,994598
1103.78186035,651.412231445,1112.00671387,968.893432617,1417980997,994598
1077.4621582,809.330322266,1269.92480469,995.213134766,1417980997,994598
1103.78186035,651.412231445,1138.32641602,942.573730469,1417980997,994599
1169.58105469,651.412231445,1138.32641602,916.25402832,1417980997,994599
1235.38024902,704.051574707,1217.28540039,863.614685059,1417980997,994599
1116.94165039,677.731872559,1138.32641602,968.893432617,1417980997,994600
1090.62194824,783.010620117,1269.92480469,1021.53277588,1417980997,994600
1130.10144043,677.731872559,1217.28540039,942.573730469,1417980997,994600
1130.10144043,651.412231445,1164.64611816,916.25402832,1417980997,994601
1169.58105469,730.371276855,1296.24450684,942.573730469,1417980997,994601
932.703857422,830.715087891,845.519897461,756.690979004,1417980997,995812
774.785766602,778.075683594,766.560852051,888.289367676,1417980998,74545
774.785766602,935.993835449,950.79864502,927.768920898,1417980998,74547
801.105407715,778.075683594,819.200195312,822.49017334,1417980998,74547
853.744812012,699.116638184,687.601806641,822.49017334,1417980998,74547
906.384155273,751.75604248,740.241149902,783.010620117,1417980998,74547
801.105407715,935.993835449,1082.39709473,875.129516602,1417980998,74548
774.785766602,909.674133301,977.118347168,940.928771973,1417980998,74548
774.785766602,909.674133301,1029.75769043,954.088623047,1417980998,74548
827.425109863,778.075683594,924.478942871,822.49017334,1417980998,74549
853.744812012,646.477294922,713.921447754,822.49017334,1417980998,74549
853.744812012,857.034729004,1029.75769043,796.170471191,1417980998,74549
722.146362305,883.354431152,1056.07739258,940.928771973,1417980998,74550
774.785766602,830.715087891,950.79864502,901.44921875,1417980998,74550
774.785766602,699.116638184,845.519897461,835.650024414,1417980998,74550
801.105407715,830.715087891,1056.07739258,822.49017334,1417980998,74550
880.064453125,804.395385742,1056.07739258,769.850830078,1417980998,74551
