TP9,FP1,FP2,TP10,timestamp,duration
473.754333496,972.183410645,1046.20751953,1054.43237305,1417980973,626996
552.713378906,814.265258789,914.609069824,975.473327637,1417980973,626998
552.713378906,814.265258789,940.928771973,922.833984375,1417980973,626998
500.074035645,919.544006348,1019.88781738,975.473327637,1417980973,626999
605.352783203,919.544006348,1046.20751953,949.153686523,1417980973,626999
473.754333496,787.945556641,888.289367676,1001.79302979,1417980973,626999
447.434661865,919.544006348,967.248413086,1080.7520752,1417980973,627000
526.393737793,840.584960938,940.928771973,949.153686523,1417980973,627000
526.393737793,787.945556641,888.289367676,949.153686523,1417980973,627000
579.033081055,919.544006348,1046.20751953,949.153686523,1417980973,627001
473.754333496,893.224304199,967.248413086,1001.79302979,1417980973,627001
447.434661865,919.544006348,993.568115234,1028.1126709,1417980973,627001
500.074035645,866.904663086,993.568115234,975.473327637,1417980973,627001
552.713378906,814.265258789,940.928771973,896.514282227,1417980973,627003
552.713378906,787.945556641,888.289367676,896.514282227,1417980973,627003
552.713378906,945.863708496,1072.52722168,922.833984375,1417980973,627003
421.114959717,814.265258789,914.609069824,975.473327637,1417980973,694452
447.434661865,893.224304199,1046.20751953,1028.1126709,1417980973,694454
526.393737793,735.306213379,888.289367676,896.514282227,1417980973,694455
500.074035645,893.224304199,1125.16650391,949.153686523,1417980973,694455
605.352783203,919.544006348,1230.4453125,922.833984375,1417980973,694455
526.393737793,787.945556641,1046.20751953,949.153686523,1417980973,694456
473.754333496,893.224304199,1151.48620605,1001.79302979,1417980973,694456
473.754333496,840.584960938,1125.16650391,949.153686523,1417980973,694457
552.713378906,787.945556641,1098.84692383,896.514282227,1417980973,694457
526.393737793,787.945556641,1072.52722168,949.153686523,1417980973,694458
631.672424316,840.584960938,1204.12561035,949.153686523,1417980973,694458
500.074035645,840.584960938,1177.8059082,1054.43237305,1417980973,694459
473.754333496,893.224304199,1230.4453125,1054.43237305,1417980973,694461
579.033081055,814.265258789,1230.4453125,949.153686523,1417980973,694461
605.352783203,630.02746582,1019.88781738,896.514282227,1417980973,694462
631.672424316,682.666870117,993.568115234,922.833984375,1417980973,694462
526.393737793,919.544006348,1362.04370117,1014.95288086,1417980973,775723
500.074035645,814.265258789,1151.48620605,1028.1126709,1417980973,775725
500.074035645,814.265258789,1177.8059082,988.633178711,1417980973,775725
657.992126465,682.666870117,1098.84692383,870.194580078,1417980973,775725
605.352783203,682.666870117,1098.84692383,935.993835449,1417980973,775725
710.631530762,761.625915527,1177.8059082,922.833984375,1417980973,775726
579.033081055,708.98651123,1125.16650391,1001.79302979,1417980973,775726
579.033081055,735.306213379,1125.16650391,1001.79302979,1417980973,775726
657.992126465,498.429046631,940.928771973,870.194580078,1417980973,775727
631.672424316,656.347167969,1125.16650391,896.514282227,1417980973,775727
710.631530762,708.98651123,1230.4453125,883.354431152,1417980973,775727
605.352783203,656.347167969,1072.52722168,949.153686523,1417980973,775728
579.033081055,708.98651123,1125.16650391,988.633178711,1417980973,775728
684.311828613,551.06842041,1019.88781738,870.194580078,1417980973,775728
684.311828613,551.06842041,1019.88781738,843.874938965,1417980973,775729
631.672424316,630.02746582,1072.52722168,935.993835449,1417980973,775729
736.951171875,682.666870117,1125.16650391,909.674133301,1417980973,854441
657.992126465,498.429046631,888.289367676,935.993835449,1417980973,854443
605.352783203,656.347167969,1072.52722168,1014.95288086,1417980973,854444
763.270874023,603.707763672,1072.52722168,870.194580078,1417980973,854444
763.270874023,498.429046631,940.928771973,857.034729004,1417980973,854444
789.590576172,551.06842041,914.609069824,896.514282227,1417980973,854445
736.951171875,735.306213379,1204.12561035,962.313476562,1417980973,854445
684.311828613,656.347167969,1046.20751953,975.473327637,1417980973,854445
684.311828613,708.98651123,1072.52722168,1014.95288086,1417980973,854446
815.91027832,603.707763672,1019.88781738,817.555236816,1417980973,854446
815.91027832,419.470001221,677.731872559,830.715087891,1417980973,854446
815.91027832,735.306213379,1098.84692383,883.354431152,1417980973,854447
684.311828613,735.306213379,1098.84692383,935.993835449,1417980973,854447
684.311828613,735.306213379,1098.84692383,1001.79302979,1417980973,854449
736.951171875,682.666870117,1098.84692383,909.674133301,1417980973,854449
789.590576172,630.02746582,993.568115234,883.354431152,1417980973,854449
815.91027832,787.945556641,1230.4453125,883.354431152,1417980973,919492
736.951171875,735.306213379,1177.8059082,909.674133301,1417980973,919494
710.631530762,735.306213379,1177.8059082,935.993835449,1417980973,919494
763.270874023,603.707763672,1072.52722168,883.354431152,1417980973,919495
815.91027832,603.707763672,1125.16650391,804.395385742,1417980973,919495
763.270874023,735.306213379,1283.0847168,883.354431152,1417980973,919496
815.91027832,735.306213379,1283.0847168,883.354431152,1417980973,919496
684.311828613,708.98651123,1230.4453125,962.313476562,1417980973,919497
684.311828613,708.98651123,1230.4453125,962.313476562,1417980973,919497
789.590576172,577.388122559,1072.52722168,857.034729004,1417980973,919497
789.590576172,603.707763672,1125.16650391,830.715087891,1417980973,919498
789.590576172,630.02746582,1125.16650391,883.354431152,1417980973,919498
736.951171875,761.625915527,1388.36340332,962.313476562,1417980973,919500
684.311828613,708.98651123,1256.76501465,962.313476562,1417980973,919501
710.631530762,656.347167969,1230.4453125,909.674133301,1417980973,919501
815.91027832,603.707763672,1204.12561035,830.715087891,1417980973,919502
789.590576172,577.388122559,1125.16650391,883.354431152,1417980973,998264
842.229919434,761.625915527,1388.36340332,922.833984375,1417980973,998266
710.631530762,761.625915527,1362.04370117,962.313476562,1417980973,998267
710.631530762,735.306213379,1335.72399902,988.633178711,1417980973,998267
815.91027832,708.98651123,1388.36340332,883.354431152,1417980973,998268
868.549621582,616.867614746,1283.0847168,883.354431152,1417980973,998268
868.549621582,748.466064453,1467.32250977,909.674133301,1417980973,998268
789.590576172,748.466064453,1467.32250977,949.153686523,1417980973,998269
763.270874023,748.466064453,1414.68310547,962.313476562,1417980973,998269
868.549621582,616.867614746,1335.72399902,830.715087891,1417980973,998270
894.86932373,630.02746582,1335.72399902,817.555236816,1417980973,998270
815.91027832,735.306213379,1441.00280762,896.514282227,1417980973,998270
868.549621582,774.785766602,1493.64221191,909.674133301,1417980973,998271
789.590576172,577.388122559,1256.76501465,909.674133301,1417980973,998271
763.270874023,695.826660156,1388.36340332,962.313476562,1417980973,998272
894.86932373,656.347167969,1441.00280762,830.715087891,1417980973,998272
843.874938965,759.980895996,779.720703125,842.229919434,1417980973,998274
870.194580078,957.378540039,990.278137207,868.549621582,1417980974,76998
791.235534668,852.09979248,858.679748535,868.549621582,1417980974,77002
712.276489258,838.940002441,832.360046387,894.86932373,1417980974,77002
738.596191406,746.821105957,727.081298828,796.170471191,1417980974,77003
817.555236816,746.821105957,753.401000977,736.951171875,1417980974,77004
738.596191406,746.821105957,753.401000977,802.750427246,1417980974,77004
764.91583252,904.739196777,911.319091797,835.650024414,1417980974,77005
606.997741699,865.259643555,806.040344238,888.289367676,1417980974,77005
606.997741699,825.780151367,806.040344238,881.709472656,1417980974,77006
685.956787109,838.940002441,884.999450684,776.430725098,1417980974,77007
685.956787109,773.14074707,779.720703125,776.430725098,1417980974,77007
685.956787109,944.218688965,963.958496094,829.070068359,1417980974,77008
606.997741699,799.460449219,753.401000977,835.650024414,1417980974,77010
580.678039551,838.940002441,779.720703125,861.969726562,1417980974,77011
633.317443848,786.300598145,806.040344238,763.270874023,1417980974,77012
685.956787109,759.980895996,779.720703125,710.631530762,1417980974,77012
606.997741699,891.579345703,858.679748535,829.070068359,1417980974,134539
659.637145996,944.218688965,884.999450684,822.49017334,1417980974,134543
528.038696289,812.620300293,674.441955566,848.809875488,1417980974,134554
528.038696289,865.259643555,753.401000977,855.389770508,1417980974,134554
606.997741699,786.300598145,621.80255127,750.111022949,1417980974,134555
606.997741699,786.300598145,700.76159668,736.951171875,1417980974,134556
606.997741699,865.259643555,674.441955566,829.070068359,1417980974,134556
554.358398438,970.538391113,832.360046387,861.969726562,1417980974,134557
528.038696289,891.579345703,700.76159668,855.389770508,1417980974,134558
554.358398438,891.579345703,727.081298828,783.010620117,1417980974,134559
659.637145996,865.259643555,700.76159668,704.051574707,1417980974,134559
580.678039551,865.259643555,648.122253418,809.330322266,1417980974,134561
633.317443848,996.858093262,806.040344238,835.650024414,1417980974,134562
528.038696289,996.858093262,806.040344238,881.709472656,1417980974,134562
528.038696289,917.899047852,727.081298828,848.809875488,1417980974,134563
606.997741699,891.579345703,727.081298828,783.010620117,1417980974,134564
639.897338867,838.940002441,674.441955566,783.010620117,1417980974,215722
633.317443848,917.899047852,674.441955566,848.809875488,1417980974,215724
574.098144531,944.218688965,792.880554199,835.650024414,1417980974,215724
547.778442383,917.899047852,687.601806641,855.389770508,1417980974,215725
554.358398438,917.899047852,700.76159668,861.969726562,1417980974,215725
692.536743164,838.940002441,700.76159668,717.211425781,1417980974,215725
587.257995605,917.899047852,819.200195312,829.070068359,1417980974,215726
633.317443848,944.218688965,819.200195312,829.070068359,1417980974,215726
567.518188477,681.021850586,477.044311523,829.070068359,1417980974,215726
508.298919678,838.940002441,700.76159668,861.969726562,1417980974,215726
653.057189941,838.940002441,727.081298828,783.010620117,1417980974,215727
659.637145996,812.620300293,713.921447754,710.631530762,1417980974,215727
633.317443848,812.620300293,621.80255127,848.809875488,1417980974,215727
574.098144531,970.538391113,845.519897461,894.86932373,1417980974,215728
541.198547363,812.620300293,727.081298828,861.969726562,1417980974,215728
547.778442383,865.259643555,740.241149902,888.289367676,1417980974,215728
705.696594238,812.620300293,766.560852051,700.76159668,1417980974,294486
666.217041016,707.341552734,556.003356934,779.720703125,1417980974,294488
639.897338867,917.899047852,740.241149902,829.070068359,1417980974,294488
574.098144531,917.899047852,792.880554199,822.49017334,1417980974,294488
534.618591309,838.940002441,661.282104492,845.519897461,1417980974,294489
639.897338867,759.980895996,529.683654785,783.010620117,1417980974,294489
653.057189941,812.620300293,687.601806641,743.53112793,1417980974,294489
639.897338867,970.538391113,898.159240723,845.519897461,1417980974,294490
574.098144531,838.940002441,634.962402344,845.519897461,1417980974,294490
560.938293457,838.940002441,661.282104492,845.519897461,1417980974,294490
666.217041016,707.341552734,608.642700195,727.081298828,1417980974,294491
705.696594238,759.980895996,634.962402344,697.471679688,1417980974,294491
666.217041016,812.620300293,687.601806641,806.040344238,1417980974,294492
639.897338867,891.579345703,766.560852051,832.360046387,1417980974,294493
587.257995605,733.661254883,556.003356934,815.91027832,1417980974,294493
547.778442383,786.300598145,661.282104492,829.070068359,1417980974,294493
639.897338867,838.940002441,766.560852051,789.590576172,1417980974,360723
705.696594238,707.341552734,608.642700195,710.631530762,1417980974,360725
653.057189941,812.620300293,713.921447754,868.549621582,1417980974,360725
613.577697754,838.940002441,740.241149902,868.549621582,1417980974,360725
600.41784668,733.661254883,634.962402344,842.229919434,1417980974,360726
600.41784668,707.341552734,477.044311523,829.070068359,1417980974,360726
732.016235352,707.341552734,582.323059082,710.631530762,1417980974,360726
613.577697754,759.980895996,582.323059082,829.070068359,1417980974,360727
653.057189941,838.940002441,661.282104492,842.229919434,1417980974,360727
613.577697754,628.382507324,424.404937744,789.590576172,1417980974,360727
574.098144531,707.341552734,503.363983154,815.91027832,1417980974,360728
679.37689209,707.341552734,503.363983154,763.270874023,1417980974,360728
679.37689209,707.341552734,556.003356934,736.951171875,1417980974,360729
653.057189941,891.579345703,740.241149902,881.709472656,1417980974,360730
626.737487793,733.661254883,503.363983154,829.070068359,1417980974,360730
613.577697754,707.341552734,450.724609375,829.070068359,1417980974,360739
718.856384277,707.341552734,477.044311523,750.111022949,1417980974,436974
797.815490723,707.341552734,477.044311523,697.471679688,1417980974,436977
745.176086426,707.341552734,371.765563965,717.211425781,1417980974,436977
745.176086426,865.259643555,582.323059082,842.229919434,1417980974,436978
692.536743164,733.661254883,398.085235596,815.91027832,1417980974,436978
692.536743164,733.661254883,450.724609375,815.91027832,1417980974,436978
745.176086426,812.620300293,608.642700195,815.91027832,1417980974,436979
797.815490723,733.661254883,477.044311523,684.311828613,1417980974,436988
745.176086426,759.980895996,503.363983154,875.129516602,1417980974,436989
718.856384277,812.620300293,503.363983154,848.809875488,1417980974,436989
718.856384277,681.021850586,345.445861816,829.070068359,1417980974,436989
718.856384277,759.980895996,477.044311523,802.750427246,1417980974,436990
850.454833984,733.661254883,477.044311523,697.471679688,1417980974,436990
797.815490723,681.021850586,398.085235596,796.170471191,1417980974,436990
771.495788574,838.940002441,556.003356934,848.809875488,1417980974,436991
718.856384277,812.620300293,556.003356934,815.91027832,1417980974,436991
705.696594238,759.980895996,477.044311523,815.91027832,1417980974,504506
797.815490723,707.341552734,424.404937744,776.430725098,1417980974,504517
824.135131836,707.341552734,477.044311523,736.951171875,1417980974,504518
771.495788574,786.300598145,450.724609375,908.029174805,1417980974,504518
771.495788574,786.300598145,503.363983154,855.389770508,1417980974,504520
745.176086426,759.980895996,424.404937744,855.389770508,1417980974,504520
810.975280762,681.021850586,398.085235596,776.430725098,1417980974,504520
876.774536133,707.341552734,398.085235596,736.951171875,1417980974,504521
784.655639648,812.620300293,503.363983154,855.389770508,1417980974,504521
784.655639648,865.259643555,556.003356934,881.709472656,1417980974,504521
745.176086426,786.300598145,424.404937744,842.229919434,1417980974,504521
732.016235352,786.300598145,477.044311523,829.070068359,1417980974,504522
784.655639648,838.940002441,582.323059082,829.070068359,1417980974,504523
863.614685059,759.980895996,477.044311523,723.791320801,1417980974,504523
771.495788574,759.980895996,450.724609375,881.709472656,1417980974,504524
758.3359375,891.579345703,608.642700195,881.709472656,1417980974,504524
732.016235352,707.341552734,450.724609375,855.389770508,1417980974,575746
810.975280762,707.341552734,398.085235596,802.750427246,1417980974,575748
863.614685059,759.980895996,503.363983154,776.430725098,1417980974,575748
784.655639648,759.980895996,450.724609375,881.709472656,1417980974,575749
758.3359375,865.259643555,582.323059082,934.348815918,1417980974,575749
705.696594238,812.620300293,582.323059082,934.348815918,1417980974,575749
732.016235352,733.661254883,477.044311523,881.709472656,1417980974,575749
784.655639648,733.661254883,450.724609375,881.709472656,1417980974,575750
810.975280762,733.661254883,529.683654785,802.750427246,1417980974,575750
732.016235352,812.620300293,582.323059082,960.668518066,1417980974,575750
732.016235352,812.620300293,582.323059082,908.029174805,1417980974,575751
705.696594238,707.341552734,477.044311523,908.029174805,1417980974,575751
784.655639648,654.702148438,398.085235596,829.070068359,1417980974,575752
810.975280762,707.341552734,450.724609375,829.070068359,1417980974,575753
679.37689209,865.259643555,556.003356934,908.029174805,1417980974,575753
705.696594238,891.579345703,582.323059082,960.668518066,1417980974,575753
700.76159668,898.159240723,899.804260254,837.29498291,1417980974,575755
