TP9,FP1,FP2,TP10,timestamp,duration
889.934387207,411.24508667,421.114959717,814.265258789,1418434386,535684
929.413879395,253.326965332,315.836212158,814.265258789,1418434386,535686
995.213134766,358.605712891,526.393737793,866.904663086,1418434386,535687
824.135131836,305.966339111,263.196868896,682.666870117,1418434386,535688
797.815490723,227.007293701,289.516540527,682.666870117,1418434386,535688
837.29498291,437.564758301,526.393737793,735.306213379,1418434386,535688
863.614685059,279.64666748,236.877166748,761.625915527,1418434386,535689
929.413879395,490.20413208,368.475585938,787.945556641,1418434386,535689
784.655639648,490.20413208,447.434661865,656.347167969,1418434386,535690
784.655639648,463.884460449,105.278739929,630.02746582,1418434386,535690
824.135131836,463.884460449,552.713378906,682.666870117,1418434386,535691
850.454833984,279.64666748,263.196868896,735.306213379,1418434386,535691
810.975280762,279.64666748,236.877166748,682.666870117,1418434386,535691
929.413879395,384.925415039,421.114959717,787.945556641,1418434386,535692
758.3359375,384.925415039,289.516540527,630.02746582,1418434386,535692
732.016235352,621.80255127,579.033081055,630.02746582,1418434386,535692
810.975280762,490.20413208,210.557479858,708.98651123,1418434386,608108
863.614685059,411.24508667,210.557479858,761.625915527,1418434386,608110
916.25402832,542.843505859,315.836212158,787.945556641,1418434386,608111
784.655639648,516.523803711,394.795288086,656.347167969,1418434386,608111
784.655639648,516.523803711,184.237792969,656.347167969,1418434386,608111
810.975280762,490.20413208,394.795288086,708.98651123,1418434386,608112
863.614685059,358.605712891,52.6393699646,761.625915527,1418434386,608112
837.29498291,358.605712891,263.196868896,708.98651123,1418434386,608112
916.25402832,463.884460449,315.836212158,787.945556641,1418434386,608112
784.655639648,332.28604126,0.0,656.347167969,1418434386,608113
784.655639648,727.081298828,552.713378906,630.02746582,1418434386,608113
863.614685059,516.523803711,236.877166748,735.306213379,1418434386,608114
889.934387207,463.884460449,579.033081055,761.625915527,1418434386,608114
916.25402832,542.843505859,368.475585938,761.625915527,1418434386,608114
837.29498291,411.24508667,342.155914307,682.666870117,1418434386,608115
784.655639648,542.843505859,210.557479858,630.02746582,1418434386,608115
889.934387207,411.24508667,236.877166748,748.466064453,1418434386,686972
916.25402832,463.884460449,315.836212158,774.785766602,1418434386,686974
891.579345703,332.28604126,131.598434448,745.176086426,1418434386,686974
952.443603516,463.884460449,394.795288086,758.3359375,1418434386,686976
876.774536133,437.564758301,236.877166748,699.116638184,1418434386,686977
799.460449219,753.401000977,579.033081055,620.157592773,1418434386,686977
939.283752441,542.843505859,184.237792969,771.495788574,1418434386,686978
965.60345459,490.20413208,342.155914307,794.525512695,1418434386,686978
952.443603516,490.20413208,289.516540527,761.625915527,1418434386,686979
883.354431152,516.523803711,342.155914307,715.566467285,1418434386,686979
794.525512695,569.163208008,394.795288086,610.287719727,1418434386,686979
949.153686523,305.966339111,78.9590530396,758.3359375,1418434386,686980
939.283752441,700.76159668,421.114959717,764.91583252,1418434386,686980
932.703857422,516.523803711,368.475585938,741.886108398,1418434386,686981
935.993835449,516.523803711,210.557479858,718.856384277,1418434386,686981
916.25402832,516.523803711,368.475585938,722.146362305,1418434386,686982
771.495788574,432.629821777,172.722930908,755.045959473,1418434386,686982
903.094238281,616.867614746,620.157592773,912.964111328,1418434386,766888
903.094238281,537.908569336,330.641052246,912.964111328,1418434386,766892
876.774536133,643.187316895,488.559173584,860.324707031,1418434386,766897
824.135131836,537.908569336,356.960723877,807.68536377,1418434386,766907
745.176086426,748.466064453,356.960723877,755.045959473,1418434386,766919
876.774536133,722.146362305,567.518188477,912.964111328,1418434386,766928
876.774536133,616.867614746,278.001678467,912.964111328,1418434386,766936
850.454833984,511.588897705,278.001678467,860.324707031,1418434386,766941
850.454833984,669.507019043,488.559173584,860.324707031,1418434386,766947
876.774536133,643.187316895,409.600097656,912.964111328,1418434386,766953
718.856384277,959.02355957,699.116638184,755.045959473,1418434386,766965
850.454833984,748.466064453,330.641052246,860.324707031,1418434386,766980
929.413879395,669.507019043,514.878845215,965.60345459,1418434386,766989
850.454833984,695.826660156,383.280426025,834.005004883,1418434386,766996
745.176086426,959.02355957,672.796936035,755.045959473,1418434386,767001
745.176086426,853.744812012,409.600097656,755.045959473,1418434386,767007
850.454833984,722.146362305,356.960723877,873.484558105,1418434386,831883
876.774536133,748.466064453,435.919799805,912.964111328,1418434386,831885
692.536743164,616.867614746,356.960723877,741.886108398,1418434386,831885
745.176086426,774.785766602,751.75604248,768.205810547,1418434386,831886
692.536743164,669.507019043,356.960723877,728.726318359,1418434386,831886
639.897338867,801.105407715,435.919799805,728.726318359,1418434386,831886
666.217041016,774.785766602,488.559173584,741.886108398,1418434386,831887
745.176086426,695.826660156,304.321350098,834.005004883,1418434386,831887
666.217041016,722.146362305,488.559173584,702.406616211,1418434386,831887
613.577697754,643.187316895,278.001678467,649.767211914,1418434386,831888
639.897338867,827.425109863,356.960723877,689.246765137,1418434386,831888
692.536743164,801.105407715,462.239471436,755.045959473,1418434386,831888
771.495788574,853.744812012,567.518188477,820.845214844,1418434386,831889
639.897338867,669.507019043,409.600097656,649.767211914,1418434386,831889
639.897338867,748.466064453,278.001678467,662.927062988,1418434386,831889
613.577697754,669.507019043,304.321350098,662.927062988,1418434386,831890
613.577697754,906.384155273,488.559173584,662.927062988,1418434386,903159
653.057189941,748.466064453,462.239471436,662.927062988,1418434386,903161
732.016235352,695.826660156,435.919799805,781.365661621,1418434386,903163
613.577697754,722.146362305,409.600097656,597.127868652,1418434386,903163
587.257995605,748.466064453,356.960723877,583.968017578,1418434386,903163
613.577697754,853.744812012,462.239471436,623.447570801,1418434386,903164
692.536743164,669.507019043,383.280426025,689.246765137,1418434386,903164
758.3359375,880.064453125,488.559173584,741.886108398,1418434386,903164
653.057189941,906.384155273,699.116638184,623.447570801,1418434386,903165
626.737487793,827.425109863,356.960723877,597.127868652,1418434386,903165
653.057189941,774.785766602,593.837890625,649.767211914,1418434386,903166
626.737487793,643.187316895,251.681991577,636.607421875,1418434386,903166
718.856384277,695.826660156,699.116638184,715.566467285,1418434386,903166
758.3359375,695.826660156,646.477294922,741.886108398,1418434386,903167
653.057189941,748.466064453,541.198547363,623.447570801,1418434386,903167
626.737487793,774.785766602,541.198547363,597.127868652,1418434386,903167
653.057189941,827.425109863,356.960723877,623.447570801,1418434386,988038
784.655639648,801.105407715,646.477294922,702.406616211,1418434386,988042
810.975280762,801.105407715,751.75604248,702.406616211,1418434386,988043
732.016235352,616.867614746,435.919799805,649.767211914,1418434386,988043
679.37689209,774.785766602,514.878845215,570.808166504,1418434386,988044
732.016235352,748.466064453,593.837890625,649.767211914,1418434386,988045
732.016235352,748.466064453,462.239471436,649.767211914,1418434386,988045
837.29498291,722.146362305,462.239471436,728.726318359,1418434386,988046
837.29498291,748.466064453,462.239471436,728.726318359,1418434386,988047
758.3359375,722.146362305,330.641052246,623.447570801,1418434386,988047
758.3359375,906.384155273,751.75604248,623.447570801,1418434386,988048
758.3359375,853.744812012,435.919799805,623.447570801,1418434386,988049
837.29498291,774.785766602,488.559173584,702.406616211,1418434386,988049
863.614685059,827.425109863,514.878845215,702.406616211,1418434386,988050
810.975280762,748.466064453,514.878845215,649.767211914,1418434386,988050
732.016235352,801.105407715,646.477294922,570.808166504,1418434386,988051
784.655639648,616.867614746,172.722930908,649.767211914,1418434387,46802
771.495788574,1011.66290283,488.559173584,623.447570801,1418434387,46805
850.454833984,748.466064453,383.280426025,676.086914062,1418434387,46806
889.934387207,774.785766602,567.518188477,702.406616211,1418434387,46806
771.495788574,853.744812012,646.477294922,597.127868652,1418434387,46807
732.016235352,695.826660156,225.362304688,544.488464355,1418434387,46807
758.3359375,880.064453125,383.280426025,597.127868652,1418434387,46808
837.29498291,774.785766602,409.600097656,649.767211914,1418434387,46808
863.614685059,827.425109863,541.198547363,676.086914062,1418434387,46809
758.3359375,564.228271484,225.362304688,597.127868652,1418434387,46809
718.856384277,853.744812012,462.239471436,544.488464355,1418434387,46809
758.3359375,748.466064453,356.960723877,597.127868652,1418434387,46810
771.495788574,985.343200684,462.239471436,597.127868652,1418434387,46810
771.495788574,774.785766602,409.600097656,570.808166504,1418434387,46811
863.614685059,748.466064453,330.641052246,676.086914062,1418434387,46811
692.536743164,748.466064453,330.641052246,491.849121094,1418434387,46812
666.217041016,906.384155273,462.239471436,491.849121094,1418434387,114356
718.856384277,932.703857422,514.878845215,570.808166504,1418434387,114359
745.176086426,748.466064453,251.681991577,623.447570801,1418434387,114361
797.815490723,774.785766602,356.960723877,649.767211914,1418434387,114361
639.897338867,643.187316895,225.362304688,518.168823242,1418434387,114362
639.897338867,853.744812012,488.559173584,518.168823242,1418434387,114362
666.217041016,722.146362305,330.641052246,544.488464355,1418434387,114363
718.856384277,722.146362305,251.681991577,623.447570801,1418434387,114363
666.217041016,695.826660156,225.362304688,544.488464355,1418434387,114364
771.495788574,827.425109863,409.600097656,649.767211914,1418434387,114364
613.577697754,695.826660156,330.641052246,491.849121094,1418434387,114364
613.577697754,827.425109863,356.960723877,491.849121094,1418434387,114365
692.536743164,827.425109863,356.960723877,570.808166504,1418434387,114365
745.176086426,643.187316895,330.641052246,623.447570801,1418434387,114366
797.815490723,722.146362305,251.681991577,649.767211914,1418434387,114366
692.536743164,774.785766602,488.559173584,544.488464355,1418434387,114366
639.897338867,774.785766602,383.280426025,491.849121094,1418434387,190573
705.696594238,643.187316895,199.042617798,544.488464355,1418434387,190576
745.176086426,932.703857422,541.198547363,597.127868652,1418434387,190577
718.856384277,616.867614746,225.362304688,544.488464355,1418434387,190577
797.815490723,722.146362305,278.001678467,597.127868652,1418434387,190578
679.37689209,722.146362305,251.681991577,491.849121094,1418434387,190578
653.057189941,959.02355957,593.837890625,465.529449463,1418434387,190579
758.3359375,853.744812012,278.001678467,597.127868652,1418434387,190579
784.655639648,801.105407715,409.600097656,597.127868652,1418434387,190579
784.655639648,748.466064453,304.321350098,597.127868652,1418434387,190580
692.536743164,774.785766602,356.960723877,518.168823242,1418434387,190580
626.737487793,853.744812012,409.600097656,465.529449463,1418434387,190581
745.176086426,643.187316895,93.7638778687,597.127868652,1418434387,190581
745.176086426,959.02355957,488.559173584,597.127868652,1418434387,190581
732.016235352,590.547912598,172.722930908,570.808166504,1418434387,190582
758.3359375,774.785766602,488.559173584,570.808166504,1418434387,190582
712.276489258,722.146362305,435.919799805,570.808166504,1418434387,270579
646.477294922,880.064453125,356.960723877,491.849121094,1418434387,270581
784.655639648,853.744812012,356.960723877,676.086914062,1418434387,270581
804.395385742,801.105407715,435.919799805,676.086914062,1418434387,270581
778.075683594,880.064453125,462.239471436,649.767211914,1418434387,270582
712.276489258,722.146362305,199.042617798,597.127868652,1418434387,270582
639.897338867,959.02355957,304.321350098,518.168823242,1418434387,270582
797.815490723,774.785766602,304.321350098,702.406616211,1418434387,270583
791.235534668,1011.66290283,435.919799805,702.406616211,1418434387,270583
778.075683594,932.703857422,435.919799805,676.086914062,1418434387,270583
778.075683594,880.064453125,146.403244019,676.086914062,1418434387,270583
758.3359375,880.064453125,330.641052246,676.086914062,1418434387,270584
653.057189941,880.064453125,278.001678467,597.127868652,1418434387,270584
817.555236816,906.384155273,541.198547363,755.045959473,1418434387,270584
824.135131836,774.785766602,93.7638778687,755.045959473,1418434387,270585
791.235534668,880.064453125,356.960723877,702.406616211,1418434387,270585
801.105407715,529.683654785,399.730224609,789.590576172,1418434387,270586
722.146362305,687.601806641,505.008972168,763.270874023,1418434387,350561
827.425109863,529.683654785,505.008972168,868.549621582,1418434387,350565
853.744812012,582.323059082,189.172744751,921.188964844,1418434387,350565
774.785766602,634.962402344,505.008972168,815.91027832,1418434387,350565
801.105407715,556.003356934,189.172744751,815.91027832,1418434387,350566
748.466064453,582.323059082,426.04989624,789.590576172,1418434387,350566
695.826660156,529.683654785,241.812103271,736.951171875,1418434387,350566
801.105407715,529.683654785,162.853057861,842.229919434,1418434387,350567
853.744812012,582.323059082,347.09085083,868.549621582,1418434387,350567
827.425109863,556.003356934,478.68927002,815.91027832,1418434387,350567
722.146362305,477.044311523,268.13180542,763.270874023,1418434387,350568
722.146362305,634.962402344,268.13180542,763.270874023,1418434387,350568
774.785766602,529.683654785,294.451477051,815.91027832,1418434387,350568
853.744812012,687.601806641,320.771179199,894.86932373,1418434387,350568
748.466064453,608.642700195,426.04989624,763.270874023,1418434387,350569
774.785766602,582.323059082,268.13180542,789.590576172,1418434387,350569
695.826660156,529.683654785,162.853057861,736.951171875,1418434387,415590
695.826660156,556.003356934,162.853057861,736.951171875,1418434387,415593
774.785766602,556.003356934,426.04989624,763.270874023,1418434387,415593
827.425109863,556.003356934,373.410552979,842.229919434,1418434387,415594
801.105407715,582.323059082,320.771179199,763.270874023,1418434387,415594
748.466064453,529.683654785,294.451477051,710.631530762,1418434387,415594
748.466064453,661.282104492,320.771179199,736.951171875,1418434387,415595
801.105407715,556.003356934,373.410552979,789.590576172,1418434387,415595
880.064453125,556.003356934,241.812103271,868.549621582,1418434387,415595
774.785766602,345.445861816,162.853057861,763.270874023,1418434387,415596
774.785766602,608.642700195,478.68927002,763.270874023,1418434387,415596
748.466064453,503.363983154,373.410552979,763.270874023,1418434387,415596
722.146362305,713.921447754,399.730224609,763.270874023,1418434387,415597
827.425109863,582.323059082,373.410552979,815.91027832,1418434387,415597
853.744812012,477.044311523,294.451477051,868.549621582,1418434387,415597
774.785766602,556.003356934,426.04989624,736.951171875,1418434387,415598
748.466064453,503.363983154,320.771179199,723.791320801,1418434387,488150
748.466064453,687.601806641,452.369598389,723.791320801,1418434387,488152
853.744812012,503.363983154,189.172744751,829.070068359,1418434387,488152
880.064453125,792.880554199,741.886108398,868.549621582,1418434387,488152
827.425109863,661.282104492,478.68927002,763.270874023,1418434387,488153
774.785766602,661.282104492,399.730224609,723.791320801,1418434387,488153
801.105407715,477.044311523,268.13180542,776.430725098,1418434387,488153
748.466064453,871.839599609,505.008972168,736.951171875,1418434387,488154
853.744812012,713.921447754,557.64831543,842.229919434,1418434387,488154
906.384155273,582.323059082,373.410552979,868.549621582,1418434387,488154
827.425109863,687.601806641,583.968017578,776.430725098,1418434387,488155
774.785766602,424.404937744,162.853057861,723.791320801,1418434387,488155
774.785766602,766.560852051,662.927062988,723.791320801,1418434387,488155
880.064453125,582.323059082,241.812103271,842.229919434,1418434387,488156
880.064453125,766.560852051,610.287719727,842.229919434,1418434387,488156
827.425109863,608.642700195,373.410552979,776.430725098,1418434387,488156
774.785766602,713.921447754,478.68927002,697.471679688,1418434387,560563
827.425109863,529.683654785,452.369598389,776.430725098,1418434387,560564
774.785766602,740.241149902,241.812103271,697.471679688,1418434387,560569
880.064453125,766.560852051,610.287719727,776.430725098,1418434387,560576
906.384155273,556.003356934,268.13180542,802.750427246,1418434387,560584
827.425109863,740.241149902,820.845214844,723.791320801,1418434387,560591
774.785766602,371.765563965,268.13180542,671.151977539,1418434387,560597
774.785766602,740.241149902,610.287719727,671.151977539,1418434387,560603
853.744812012,634.962402344,452.369598389,723.791320801,1418434387,560609
880.064453125,661.282104492,347.09085083,750.111022949,1418434387,560615
801.105407715,766.560852051,583.968017578,697.471679688,1418434387,560622
748.466064453,687.601806641,320.771179199,618.512634277,1418434387,560628
774.785766602,556.003356934,320.771179199,671.151977539,1418434387,560635
774.785766602,845.519897461,505.008972168,671.151977539,1418434387,560641
827.425109863,740.241149902,636.607421875,697.471679688,1418434387,560647
880.064453125,556.003356934,347.09085083,776.430725098,1418434387,560653
735.306213379,582.323059082,373.410552979,592.192932129,1418434387,635586
708.98651123,582.323059082,241.812103271,539.553527832,1418434387,635588
748.466064453,687.601806641,557.64831543,592.192932129,1418434387,635588
787.945556641,687.601806641,531.328674316,644.832275391,1418434387,635588
853.744812012,713.921447754,452.369598389,671.151977539,1418434387,635589
722.146362305,582.323059082,452.369598389,539.553527832,1418434387,635589
695.826660156,713.921447754,399.730224609,513.233886719,1418434387,635589
708.98651123,687.601806641,531.328674316,539.553527832,1418434387,635590
748.466064453,740.241149902,531.328674316,592.192932129,1418434387,635590
708.98651123,556.003356934,241.812103271,539.553527832,1418434387,635590
840.584960938,740.241149902,452.369598389,644.832275391,1418434387,635591
656.347167969,687.601806641,636.607421875,486.91418457,1418434387,635591
656.347167969,503.363983154,268.13180542,460.594482422,1418434387,635591
735.306213379,766.560852051,452.369598389,539.553527832,1418434387,635592
774.785766602,661.282104492,320.771179199,565.87322998,1418434387,635592
840.584960938,871.839599609,610.287719727,618.512634277,1418434387,635592
682.666870117,740.241149902,557.64831543,486.91418457,1418434387,709341
682.666870117,766.560852051,320.771179199,486.91418457,1418434387,709352
735.306213379,661.282104492,505.008972168,539.553527832,1418434387,709353
761.625915527,845.519897461,399.730224609,592.192932129,1418434387,709353
708.98651123,845.519897461,715.566467285,539.553527832,1418434387,709353
814.265258789,661.282104492,373.410552979,644.832275391,1418434387,709353
656.347167969,766.560852051,583.968017578,513.233886719,1418434387,709354
630.02746582,529.683654785,215.492431641,486.91418457,1418434387,709354
735.306213379,819.200195312,662.927062988,592.192932129,1418434387,709354
761.625915527,713.921447754,531.328674316,618.512634277,1418434387,709355
787.945556641,740.241149902,373.410552979,618.512634277,1418434387,709355
682.666870117,687.601806641,399.730224609,513.233886719,1418434387,709355
630.02746582,792.880554199,452.369598389,460.594482422,1418434387,709356
708.98651123,713.921447754,531.328674316,565.87322998,1418434387,709356
735.306213379,713.921447754,241.812103271,592.192932129,1418434387,709356
735.306213379,792.880554199,610.287719727,592.192932129,1418434387,709357
774.785766602,687.601806641,294.451477051,598.772827148,1418434387,786836
682.666870117,792.880554199,636.607421875,536.26361084,1418434387,786839
643.187316895,740.241149902,426.04989624,463.884460449,1418434387,786840
735.306213379,845.519897461,426.04989624,608.642700195,1418434387,786840
774.785766602,713.921447754,320.771179199,628.382507324,1418434387,786840
774.785766602,924.478942871,557.64831543,602.062805176,1418434387,786841
682.666870117,1082.39709473,820.845214844,536.26361084,1418434387,786841
616.867614746,871.839599609,268.13180542,450.724609375,1418434387,786841
748.466064453,740.241149902,531.328674316,602.062805176,1418434387,786842
748.466064453,819.200195312,294.451477051,605.352783203,1418434387,786842
748.466064453,898.159240723,741.886108398,592.192932129,1418434387,786842
748.466064453,713.921447754,268.13180542,579.033081055,1418434387,786843
708.98651123,792.880554199,399.730224609,575.743103027,1418434387,786843
643.187316895,845.519897461,505.008972168,463.884460449,1418434387,786843
774.785766602,792.880554199,347.09085083,638.252380371,1418434387,786844
787.945556641,792.880554199,715.566467285,641.542358398,1418434387,786844
761.625915527,661.282104492,110.213684082,615.22265625,1418434387,850623
695.826660156,845.519897461,505.008972168,562.583251953,1418434387,850625
616.867614746,819.200195312,426.04989624,509.943908691,1418434387,850625
761.625915527,819.200195312,610.287719727,667.861999512,1418434387,850625
761.625915527,924.478942871,610.287719727,720.501403809,1418434387,850626
735.306213379,582.323059082,320.771179199,667.861999512,1418434387,850626
741.886108398,740.241149902,373.410552979,667.861999512,1418434387,850626
708.98651123,766.560852051,478.68927002,694.18170166,1418434387,850627
603.707763672,766.560852051,478.68927002,588.902954102,1418434387,850627
748.466064453,766.560852051,347.09085083,746.821105957,1418434387,850627
774.785766602,713.921447754,373.410552979,746.821105957,1418434387,850628
748.466064453,740.241149902,373.410552979,720.501403809,1418434387,850628
656.347167969,845.519897461,531.328674316,667.861999512,1418434387,850629
623.447570801,845.519897461,347.09085083,641.542358398,1418434387,850629
695.826660156,740.241149902,399.730224609,720.501403809,1418434387,850629
774.785766602,792.880554199,347.09085083,799.460449219,1418434387,850630
806.040344238,505.008972168,391.505310059,814.265258789,1418434387,850630
832.360046387,557.64831543,391.505310059,814.265258789,1418434387,931835
779.720703125,531.328674316,365.185638428,761.625915527,1418434387,931836
727.081298828,768.205810547,575.743103027,735.306213379,1418434387,931837
806.040344238,583.968017578,391.505310059,787.945556641,1418434387,931837
884.999450684,583.968017578,496.784057617,866.904663086,1418434387,931837
858.679748535,531.328674316,391.505310059,814.265258789,1418434387,931838
779.720703125,373.410552979,259.906890869,761.625915527,1418434387,931838
779.720703125,689.246765137,628.382507324,761.625915527,1418434387,931838
832.360046387,610.287719727,523.103759766,814.265258789,1418434387,931839
911.319091797,662.927062988,549.423461914,893.224304199,1418434387,931839
806.040344238,452.369598389,338.865936279,761.625915527,1418434387,931840
832.360046387,557.64831543,312.546264648,787.945556641,1418434387,931840
779.720703125,531.328674316,523.103759766,761.625915527,1418434387,931840
753.401000977,531.328674316,549.423461914,761.625915527,1418434387,931840
858.679748535,583.968017578,417.825012207,840.584960938,1418434387,931841
884.999450684,531.328674316,602.062805176,893.224304199,1418434387,931841
832.360046387,505.008972168,312.546264648,814.265258789,1418434388,6877
806.040344238,662.927062988,496.784057617,787.945556641,1418434388,6880
806.040344238,715.566467285,496.784057617,787.945556641,1418434388,6880
884.999450684,583.968017578,391.505310059,866.904663086,1418434388,6880
937.638793945,715.566467285,417.825012207,919.544006348,1418434388,6881
884.999450684,662.927062988,549.423461914,840.584960938,1418434388,6881
858.679748535,662.927062988,444.144683838,814.265258789,1418434388,6881
858.679748535,662.927062988,470.464385986,840.584960938,1418434388,6882
779.720703125,794.525512695,496.784057617,787.945556641,1418434388,6882
911.319091797,662.927062988,417.825012207,893.224304199,1418434388,6883
963.958496094,662.927062988,444.144683838,945.863708496,1418434388,6883
858.679748535,610.287719727,338.865936279,840.584960938,1418434388,6883
832.360046387,610.287719727,365.185638428,787.945556641,1418434388,6884
806.040344238,768.205810547,602.062805176,787.945556641,1418434388,6884
911.319091797,662.927062988,523.103759766,893.224304199,1418434388,6884
937.638793945,689.246765137,444.144683838,919.544006348,1418434388,6885
884.999450684,610.287719727,496.784057617,840.584960938,1418434388,74372
832.360046387,715.566467285,391.505310059,761.625915527,1418434388,74374
884.999450684,610.287719727,286.226593018,840.584960938,1418434388,74375
806.040344238,978.763305664,812.620300293,761.625915527,1418434388,74375
937.638793945,715.566467285,259.906890869,866.904663086,1418434388,74375
963.958496094,715.566467285,286.226593018,893.224304199,1418434388,74376
884.999450684,820.845214844,470.464385986,814.265258789,1418434388,74376
832.360046387,978.763305664,575.743103027,735.306213379,1418434388,74376
832.360046387,899.804260254,312.546264648,735.306213379,1418434388,74377
937.638793945,873.484558105,523.103759766,840.584960938,1418434388,74377
937.638793945,768.205810547,207.26751709,840.584960938,1418434388,74377
884.999450684,741.886108398,338.865936279,787.945556641,1418434388,74378
806.040344238,847.164855957,523.103759766,735.306213379,1418434388,74378
832.360046387,715.566467285,259.906890869,761.625915527,1418434388,74378
806.040344238,1005.08300781,523.103759766,761.625915527,1418434388,74379
858.679748535,768.205810547,207.26751709,787.945556641,1418434388,74379
937.638793945,926.123962402,470.464385986,866.904663086,1418434388,148115
779.720703125,847.164855957,207.26751709,682.666870117,1418434388,148116
753.401000977,741.886108398,180.9478302,656.347167969,1418434388,148116
806.040344238,978.763305664,496.784057617,708.98651123,1418434388,148117
832.360046387,926.123962402,444.144683838,708.98651123,1418434388,148117
937.638793945,1031.40270996,523.103759766,814.265258789,1418434388,148118
753.401000977,741.886108398,233.587203979,630.02746582,1418434388,148118
779.720703125,926.123962402,259.906890869,656.347167969,1418434388,148118
753.401000977,926.123962402,444.144683838,656.347167969,1418434388,148118
832.360046387,978.763305664,444.144683838,735.306213379,1418434388,148119
779.720703125,899.804260254,391.505310059,630.02746582,1418434388,148119
884.999450684,873.484558105,233.587203979,735.306213379,1418434388,148119
753.401000977,847.164855957,233.587203979,577.388122559,1418434388,148120
753.401000977,1057.72241211,470.464385986,577.388122559,1418434388,148120
806.040344238,1057.72241211,391.505310059,630.02746582,1418434388,148120
858.679748535,873.484558105,338.865936279,708.98651123,1418434388,148121
937.638793945,899.804260254,180.9478302,761.625915527,1418434388,223134
779.720703125,952.443603516,391.505310059,577.388122559,1418434388,223138
806.040344238,952.443603516,391.505310059,603.707763672,1418434388,223138
806.040344238,741.886108398,207.26751709,603.707763672,1418434388,223139
858.679748535,847.164855957,207.26751709,682.666870117,1418434388,223139
832.360046387,715.566467285,312.546264648,630.02746582,1418434388,223139
911.319091797,820.845214844,549.423461914,735.306213379,1418434388,223140
753.401000977,768.205810547,207.26751709,577.388122559,1418434388,223140
753.401000977,899.804260254,391.505310059,577.388122559,1418434388,223141
832.360046387,873.484558105,259.906890869,682.666870117,1418434388,223141
858.679748535,768.205810547,259.906890869,708.98651123,1418434388,223141
911.319091797,952.443603516,681.021850586,735.306213379,1418434388,223141
806.040344238,505.008972168,101.98878479,656.347167969,1418434388,223142
779.720703125,873.484558105,417.825012207,603.707763672,1418434388,223142
858.679748535,768.205810547,417.825012207,656.347167969,1418434388,223142
858.679748535,978.763305664,470.464385986,682.666870117,1418434388,223143
871.839599609,794.525512695,365.185638428,656.347167969,1418434388,291837
937.638793945,768.205810547,180.9478302,708.98651123,1418434388,291839
806.040344238,768.205810547,233.587203979,603.707763672,1418434388,291840
779.720703125,1057.72241211,417.825012207,577.388122559,1418434388,291840
845.519897461,1005.08300781,338.865936279,682.666870117,1418434388,291840
898.159240723,820.845214844,286.226593018,708.98651123,1418434388,291841
898.159240723,926.123962402,286.226593018,708.98651123,1418434388,291841
832.360046387,926.123962402,286.226593018,630.02746582,1418434388,291841
740.241149902,1005.08300781,286.226593018,551.06842041,1418434388,291842
871.839599609,794.525512695,233.587203979,656.347167969,1418434388,291842
858.679748535,978.763305664,233.587203979,656.347167969,1418434388,291842
898.159240723,926.123962402,444.144683838,656.347167969,1418434388,291843
898.159240723,873.484558105,391.505310059,656.347167969,1418434388,291843
858.679748535,926.123962402,391.505310059,577.388122559,1418434388,291843
845.519897461,926.123962402,259.906890869,472.109344482,1418434388,291844
858.679748535,952.443603516,233.587203979,524.748718262,1418434388,291844
865.259643555,899.804260254,338.865936279,722.146362305,1418434388,368054
865.259643555,873.484558105,233.587203979,643.187316895,1418434388,368056
773.14074707,820.845214844,233.587203979,616.867614746,1418434388,368057
740.241149902,978.763305664,365.185638428,524.748718262,1418434388,368057
838.940002441,899.804260254,365.185638428,630.02746582,1418434388,368057
838.940002441,1005.08300781,312.546264648,656.347167969,1418434388,368058
858.679748535,926.123962402,417.825012207,656.347167969,1418434388,368058
884.999450684,873.484558105,128.30847168,643.187316895,1418434388,368058
812.620300293,952.443603516,470.464385986,616.867614746,1418434388,368059
733.661254883,1031.40270996,470.464385986,537.908569336,1418434388,368059
865.259643555,952.443603516,365.185638428,695.826660156,1418434388,368059
878.419494629,847.164855957,128.30847168,682.666870117,1418434388,368060
871.839599609,899.804260254,233.587203979,656.347167969,1418434388,368060
806.040344238,952.443603516,470.464385986,616.867614746,1418434388,368060
727.081298828,1005.08300781,365.185638428,537.908569336,1418434388,368061
825.780151367,820.845214844,365.185638428,630.02746582,1418434388,368061
852.09979248,873.484558105,233.587203979,682.666870117,1418434388,435608
773.14074707,820.845214844,365.185638428,630.02746582,1418434388,435611
825.780151367,847.164855957,444.144683838,630.02746582,1418434388,435611
720.501403809,873.484558105,417.825012207,577.388122559,1418434388,435611
667.861999512,689.246765137,128.30847168,524.748718262,1418434388,435612
746.821105957,847.164855957,207.26751709,603.707763672,1418434388,435612
799.460449219,1005.08300781,549.423461914,656.347167969,1418434388,435613
799.460449219,794.525512695,259.906890869,630.02746582,1418434388,435613
667.861999512,873.484558105,391.505310059,524.748718262,1418434388,435613
667.861999512,873.484558105,207.26751709,524.748718262,1418434388,435613
720.501403809,820.845214844,312.546264648,577.388122559,1418434388,435614
799.460449219,1005.08300781,575.743103027,656.347167969,1418434388,435614
694.18170166,636.607421875,154.628158569,551.06842041,1418434388,435614
746.821105957,847.164855957,154.628158569,577.388122559,1418434388,435615
641.542358398,794.525512695,154.628158569,524.748718262,1418434388,435615
615.22265625,1084.04199219,496.784057617,498.429046631,1418434388,435615
814.265258789,630.02746582,352.025787354,822.49017334,1418434388,435616
866.904663086,603.707763672,615.22265625,875.129516602,1418434388,511814
840.584960938,524.748718262,299.386413574,822.49017334,1418434388,511816
735.306213379,603.707763672,457.304534912,756.690979004,1418434388,511816
735.306213379,682.666870117,483.624206543,756.690979004,1418434388,511817
787.945556641,551.06842041,378.345489502,822.49017334,1418434388,511817
866.904663086,603.707763672,430.984863281,901.44921875,1418434388,511817
787.945556641,366.830627441,246.747055054,783.010620117,1418434388,511818
814.265258789,656.347167969,667.861999512,809.330322266,1418434388,511818
761.625915527,498.429046631,273.066741943,769.850830078,1418434388,511818
708.98651123,577.388122559,325.706115723,743.53112793,1418434388,511819
814.265258789,603.707763672,273.066741943,848.809875488,1418434388,511819
840.584960938,630.02746582,509.943908691,875.129516602,1418434388,511819
814.265258789,498.429046631,299.386413574,796.170471191,1418434388,511820
761.625915527,708.98651123,588.902954102,756.690979004,1418434388,511820
735.306213379,630.02746582,430.984863281,756.690979004,1418434388,511820
814.265258789,445.789672852,220.427368164,848.809875488,1418434388,511821
866.904663086,682.666870117,615.22265625,901.44921875,1418434388,588047
814.265258789,366.830627441,220.427368164,822.49017334,1418434388,588049
814.265258789,630.02746582,615.22265625,796.170471191,1418434388,588050
814.265258789,524.748718262,299.386413574,822.49017334,1418434388,588050
735.306213379,735.306213379,483.624206543,769.850830078,1418434388,588050
893.224304199,656.347167969,352.025787354,901.44921875,1418434388,588051
893.224304199,603.707763672,273.066741943,954.088623047,1418434388,588051
814.265258789,708.98651123,404.665161133,875.129516602,1418434388,588051
761.625915527,840.584960938,641.542358398,796.170471191,1418434388,588052
761.625915527,787.945556641,404.665161133,796.170471191,1418434388,588052
893.224304199,630.02746582,404.665161133,901.44921875,1418434388,588052
919.544006348,630.02746582,220.427368164,927.768920898,1418434388,588053
866.904663086,682.666870117,457.304534912,875.129516602,1418434388,588053
814.265258789,682.666870117,536.26361084,796.170471191,1418434388,588053
866.904663086,682.666870117,430.984863281,875.129516602,1418434388,588054
761.625915527,682.666870117,352.025787354,796.170471191,1418434388,588054
906.384155273,630.02746582,430.984863281,927.768920898,1418434388,668055
945.863708496,682.666870117,457.304534912,954.088623047,1418434388,668057
827.425109863,735.306213379,588.902954102,848.809875488,1418434388,668058
801.105407715,682.666870117,404.665161133,822.49017334,1418434388,668058
787.945556641,735.306213379,246.747055054,822.49017334,1418434388,668059
893.224304199,656.347167969,457.304534912,901.44921875,1418434388,668059
932.703857422,735.306213379,694.18170166,927.768920898,1418434388,668059
840.584960938,524.748718262,352.025787354,848.809875488,1418434388,668060
801.105407715,656.347167969,352.025787354,796.170471191,1418434388,668060
840.584960938,603.707763672,352.025787354,848.809875488,1418434388,668060
801.105407715,840.584960938,562.583251953,848.809875488,1418434388,668061
866.904663086,630.02746582,483.624206543,875.129516602,1418434388,668061
932.703857422,577.388122559,430.984863281,954.088623047,1418434388,668061
787.945556641,577.388122559,273.066741943,822.49017334,1418434388,668062
774.785766602,682.666870117,378.345489502,796.170471191,1418434388,668062
787.945556641,735.306213379,588.902954102,848.809875488,1418434388,668062
866.904663086,551.06842041,378.345489502,927.768920898,1418434388,733084
919.544006348,656.347167969,430.984863281,954.088623047,1418434388,733085
787.945556641,393.150299072,273.066741943,796.170471191,1418434388,733086
787.945556641,682.666870117,667.861999512,769.850830078,1418434388,733086
787.945556641,603.707763672,430.984863281,796.170471191,1418434388,733086
787.945556641,656.347167969,404.665161133,796.170471191,1418434388,733087
787.945556641,630.02746582,325.706115723,769.850830078,1418434388,733087
893.224304199,761.625915527,588.902954102,901.44921875,1418434388,733087
735.306213379,708.98651123,615.22265625,743.53112793,1418434388,733088
735.306213379,682.666870117,457.304534912,743.53112793,1418434388,733088
787.945556641,761.625915527,430.984863281,822.49017334,1418434388,733088
840.584960938,577.388122559,430.984863281,848.809875488,1418434388,733088
919.544006348,787.945556641,667.861999512,901.44921875,1418434388,733089
761.625915527,656.347167969,588.902954102,769.850830078,1418434388,733089
761.625915527,682.666870117,352.025787354,743.53112793,1418434388,733090
787.945556641,524.748718262,325.706115723,769.850830078,1418434388,733090
814.265258789,919.544006348,720.501403809,796.170471191,1418434388,808093
814.265258789,708.98651123,694.18170166,743.53112793,1418434388,808095
893.224304199,524.748718262,378.345489502,822.49017334,1418434388,808096
735.306213379,551.06842041,378.345489502,664.57208252,1418434388,808096
735.306213379,577.388122559,457.304534912,638.252380371,1418434388,808096
787.945556641,708.98651123,720.501403809,717.211425781,1418434388,808096
840.584960938,498.429046631,404.665161133,743.53112793,1418434388,808097
893.224304199,551.06842041,404.665161133,769.850830078,1418434388,808097
787.945556641,682.666870117,509.943908691,664.57208252,1418434388,808097
761.625915527,682.666870117,562.583251953,611.932678223,1418434388,808098
840.584960938,603.707763672,588.902954102,717.211425781,1418434388,808098
840.584960938,603.707763672,378.345489502,717.211425781,1418434388,808098
840.584960938,445.789672852,273.066741943,717.211425781,1418434388,808099
893.224304199,708.98651123,641.542358398,717.211425781,1418434388,808099
787.945556641,630.02746582,641.542358398,664.57208252,1418434388,808099
761.625915527,656.347167969,509.943908691,585.612976074,1418434388,808100
814.265258789,656.347167969,430.984863281,717.211425781,1418434388,875570
866.904663086,551.06842041,536.26361084,769.850830078,1418434388,875572
866.904663086,708.98651123,694.18170166,743.53112793,1418434388,875572
787.945556641,630.02746582,588.902954102,690.891723633,1418434388,875573
708.98651123,708.98651123,378.345489502,611.932678223,1418434388,875573
840.584960938,603.707763672,404.665161133,769.850830078,1418434388,875573
840.584960938,893.224304199,694.18170166,743.53112793,1418434388,875574
866.904663086,682.666870117,562.583251953,743.53112793,1418434388,875574
893.224304199,630.02746582,483.624206543,743.53112793,1418434388,875574
814.265258789,551.06842041,352.025787354,717.211425781,1418434388,875575
761.625915527,814.265258789,536.26361084,664.57208252,1418434388,875575
840.584960938,735.306213379,720.501403809,769.850830078,1418434388,875575
866.904663086,603.707763672,404.665161133,769.850830078,1418434388,875576
866.904663086,603.707763672,378.345489502,743.53112793,1418434388,875576
787.945556641,524.748718262,325.706115723,690.891723633,1418434388,875576
735.306213379,761.625915527,694.18170166,638.252380371,1418434388,875577
840.584960938,603.707763672,430.984863281,769.850830078,1418434388,950571
814.265258789,919.544006348,746.821105957,769.850830078,1418434388,950573
787.945556641,656.347167969,509.943908691,769.850830078,1418434388,950573
814.265258789,735.306213379,536.26361084,769.850830078,1418434388,950573
735.306213379,630.02746582,562.583251953,717.211425781,1418434388,950574
682.666870117,761.625915527,483.624206543,664.57208252,1418434388,950574
814.265258789,761.625915527,694.18170166,796.170471191,1418434388,950574
814.265258789,630.02746582,404.665161133,796.170471191,1418434388,950575
814.265258789,787.945556641,720.501403809,796.170471191,1418434388,950575
708.98651123,445.789672852,273.066741943,690.891723633,1418434388,950575
682.666870117,814.265258789,536.26361084,664.57208252,1418434388,950576
761.625915527,708.98651123,483.624206543,743.53112793,1418434388,950576
787.945556641,840.584960938,641.542358398,796.170471191,1418434388,950576
708.98651123,761.625915527,667.861999512,717.211425781,1418434388,950577
761.625915527,735.306213379,378.345489502,743.53112793,1418434388,950577
630.02746582,682.666870117,457.304534912,664.57208252,1418434388,950577
630.02746582,840.584960938,588.902954102,611.932678223,1418434389,20608
735.306213379,840.584960938,720.501403809,717.211425781,1418434389,20609
787.945556641,761.625915527,430.984863281,769.850830078,1418434389,20610
787.945556641,919.544006348,825.780151367,769.850830078,1418434389,20610
682.666870117,682.666870117,483.624206543,664.57208252,1418434389,20610
682.666870117,945.863708496,509.943908691,664.57208252,1418434389,20611
735.306213379,893.224304199,773.14074707,717.211425781,1418434389,20611
814.265258789,787.945556641,404.665161133,796.170471191,1418434389,20611
708.98651123,656.347167969,378.345489502,690.891723633,1418434389,20612
761.625915527,919.544006348,746.821105957,717.211425781,1418434389,20612
682.666870117,761.625915527,615.22265625,664.57208252,1418434389,20612
656.347167969,814.265258789,457.304534912,638.252380371,1418434389,20613
761.625915527,945.863708496,773.14074707,743.53112793,1418434389,20613
787.945556641,708.98651123,404.665161133,769.850830078,1418434389,20613
787.945556641,866.904663086,852.09979248,743.53112793,1418434389,20614
735.306213379,603.707763672,378.345489502,690.891723633,1418434389,20614
758.3359375,639.897338867,631.672424316,763.270874023,1418434389,20614
863.614685059,429.339874268,526.393737793,868.549621582,1418434389,95619
942.573730469,587.257995605,263.196868896,921.188964844,1418434389,95621
889.934387207,613.577697754,657.992126465,868.549621582,1418434389,95621
889.934387207,455.659545898,184.237792969,868.549621582,1418434389,95621
889.934387207,534.618591309,631.672424316,868.549621582,1418434389,95622
810.975280762,534.618591309,579.033081055,789.590576172,1418434389,95622
968.893432617,534.618591309,421.114959717,921.188964844,1418434389,95622
968.893432617,481.979248047,552.713378906,947.508666992,1418434389,95623
916.25402832,534.618591309,342.155914307,842.229919434,1418434389,95623
889.934387207,824.135131836,868.549621582,842.229919434,1418434389,95623
863.614685059,587.257995605,368.475585938,815.91027832,1418434389,95624
995.213134766,560.938293457,710.631530762,947.508666992,1418434389,95624
1021.53277588,560.938293457,526.393737793,973.828369141,1418434389,95624
995.213134766,324.061126709,368.475585938,921.188964844,1418434389,95625
942.573730469,534.618591309,657.992126465,894.86932373,1418434389,95625
968.893432617,403.020172119,500.074035645,947.508666992,1418434389,95625
863.614685059,481.979248047,394.795288086,842.229919434,1418434389,168095
1021.53277588,508.298919678,684.311828613,1000.14807129,1418434389,168097
1047.85253906,324.061126709,315.836212158,1000.14807129,1418434389,168098
968.893432617,481.979248047,710.631530762,921.188964844,1418434389,168098
916.25402832,297.741455078,394.795288086,868.549621582,1418434389,168099
889.934387207,508.298919678,500.074035645,842.229919434,1418434389,168099
1021.53277588,350.38079834,315.836212158,947.508666992,1418434389,168099
1021.53277588,613.577697754,526.393737793,947.508666992,1418434389,168100
968.893432617,613.577697754,736.951171875,894.86932373,1418434389,168100
916.25402832,455.659545898,263.196868896,842.229919434,1418434389,168100
968.893432617,376.700500488,315.836212158,894.86932373,1418434389,168101
889.934387207,560.938293457,368.475585938,842.229919434,1418434389,168101
1021.53277588,455.659545898,579.033081055,947.508666992,1418434389,168101
1021.53277588,376.700500488,394.795288086,973.828369141,1418434389,168102
916.25402832,376.700500488,368.475585938,868.549621582,1418434389,168102
889.934387207,534.618591309,421.114959717,842.229919434,1418434389,168102
863.614685059,534.618591309,447.434661865,842.229919434,1418434389,248073
968.893432617,429.339874268,315.836212158,934.348815918,1418434389,248075
1021.53277588,534.618591309,605.352783203,960.668518066,1418434389,248076
903.094238281,139.82333374,78.9590530396,855.389770508,1418434389,248076
876.774536133,508.298919678,552.713378906,815.91027832,1418434389,248076
876.774536133,508.298919678,605.352783203,855.389770508,1418434389,248077
876.774536133,429.339874268,263.196868896,855.389770508,1418434389,248077
916.25402832,481.979248047,421.114959717,868.549621582,1418434389,248077
995.213134766,429.339874268,315.836212158,960.668518066,1418434389,248078
850.454833984,560.938293457,579.033081055,776.430725098,1418434389,248078
837.29498291,508.298919678,421.114959717,776.430725098,1418434389,248078
863.614685059,587.257995605,342.155914307,829.070068359,1418434389,248079
903.094238281,455.659545898,210.557479858,881.709472656,1418434389,248079
995.213134766,639.897338867,500.074035645,947.508666992,1418434389,248079
837.29498291,560.938293457,500.074035645,776.430725098,1418434389,248080
837.29498291,560.938293457,473.754333496,776.430725098,1418434389,248080
