TP9,FP1,FP2,TP10,timestamp,duration
631.672424316,738.596191406,1047.85253906,899.804260254,1417981021,634597
684.311828613,620.157592773,995.213134766,820.845214844,1417981021,634600
657.992126465,600.41784668,942.573730469,820.845214844,1417981021,634600
736.951171875,699.116638184,1047.85253906,794.525512695,1417981021,634601
631.672424316,666.217041016,1047.85253906,847.164855957,1417981021,634601
579.033081055,751.75604248,1047.85253906,899.804260254,1417981021,634602
579.033081055,732.016235352,1047.85253906,899.804260254,1417981021,634603
657.992126465,613.577697754,942.573730469,768.205810547,1417981021,634603
631.672424316,646.477294922,942.573730469,820.845214844,1417981021,634604
710.631530762,718.856384277,1047.85253906,768.205810547,1417981021,634604
552.713378906,692.536743164,968.893432617,899.804260254,1417981021,634605
552.713378906,764.91583252,1047.85253906,899.804260254,1417981021,634605
605.352783203,606.997741699,889.934387207,820.845214844,1417981021,634606
657.992126465,620.157592773,942.573730469,820.845214844,1417981021,634606
684.311828613,712.276489258,1047.85253906,794.525512695,1417981021,634607
552.713378906,712.276489258,1021.53277588,873.484558105,1417981021,634607
526.393737793,738.596191406,1047.85253906,926.123962402,1417981021,720803
552.713378906,554.358398438,837.29498291,873.484558105,1417981021,720806
631.672424316,528.038696289,863.614685059,820.845214844,1417981021,720806
605.352783203,580.678039551,916.25402832,873.484558105,1417981021,720806
684.311828613,633.317443848,995.213134766,847.164855957,1417981021,720807
552.713378906,528.038696289,889.934387207,899.804260254,1417981021,720808
552.713378906,633.317443848,942.573730469,978.763305664,1417981021,720808
631.672424316,475.39932251,758.3359375,847.164855957,1417981021,720809
631.672424316,528.038696289,837.29498291,847.164855957,1417981021,720809
684.311828613,606.997741699,889.934387207,847.164855957,1417981021,720809
605.352783203,633.317443848,1047.85253906,926.123962402,1417981021,720810
552.713378906,633.317443848,968.893432617,952.443603516,1417981021,720810
552.713378906,580.678039551,916.25402832,926.123962402,1417981021,720810
631.672424316,501.718994141,863.614685059,820.845214844,1417981021,720811
605.352783203,554.358398438,916.25402832,873.484558105,1417981021,720811
710.631530762,606.997741699,995.213134766,847.164855957,1417981021,720811
579.033081055,422.75994873,810.975280762,873.484558105,1417981021,778339
579.033081055,580.678039551,942.573730469,952.443603516,1417981021,778340
684.311828613,343.80090332,732.016235352,768.205810547,1417981021,778341
684.311828613,501.718994141,968.893432617,794.525512695,1417981021,778341
763.270874023,580.678039551,1047.85253906,794.525512695,1417981021,778342
657.992126465,475.39932251,942.573730469,847.164855957,1417981021,778343
631.672424316,528.038696289,995.213134766,899.804260254,1417981021,778343
710.631530762,343.80090332,837.29498291,768.205810547,1417981021,778343
710.631530762,370.120574951,863.614685059,768.205810547,1417981021,778343
657.992126465,475.39932251,995.213134766,820.845214844,1417981021,778344
736.951171875,475.39932251,995.213134766,820.845214844,1417981021,778344
605.352783203,396.4402771,889.934387207,847.164855957,1417981021,778344
605.352783203,449.079620361,942.573730469,873.484558105,1417981021,778345
710.631530762,317.481201172,810.975280762,741.886108398,1417981021,778345
684.311828613,343.80090332,837.29498291,768.205810547,1417981021,778345
736.951171875,449.079620361,916.25402832,768.205810547,1417981021,778346
657.992126465,449.079620361,1021.53277588,794.525512695,1417981021,855844
605.352783203,475.39932251,968.893432617,847.164855957,1417981021,855847
631.672424316,449.079620361,968.893432617,794.525512695,1417981021,855848
710.631530762,370.120574951,889.934387207,662.927062988,1417981021,855848
710.631530762,343.80090332,784.655639648,662.927062988,1417981021,855848
710.631530762,554.358398438,1047.85253906,689.246765137,1417981021,855849
552.713378906,554.358398438,1021.53277588,689.246765137,1417981021,855849
579.033081055,554.358398438,1021.53277588,768.205810547,1417981021,855856
657.992126465,422.75994873,916.25402832,610.287719727,1417981021,855863
657.992126465,475.39932251,942.573730469,583.968017578,1417981021,855875
710.631530762,554.358398438,1047.85253906,583.968017578,1417981021,855877
579.033081055,554.358398438,1021.53277588,662.927062988,1417981021,855878
579.033081055,554.358398438,1021.53277588,662.927062988,1417981021,855901
605.352783203,475.39932251,942.573730469,610.287719727,1417981021,855914
684.311828613,422.75994873,889.934387207,531.328674316,1417981021,855921
657.992126465,370.120574951,758.3359375,557.64831543,1417981021,855927
710.631530762,554.358398438,1021.53277588,580.678039551,1417981021,923342
605.352783203,422.75994873,837.29498291,593.837890625,1417981021,923344
552.713378906,554.358398438,995.213134766,702.406616211,1417981021,923344
657.992126465,501.718994141,942.573730469,560.938293457,1417981021,923345
657.992126465,422.75994873,784.655639648,544.488464355,1417981021,923345
710.631530762,580.678039551,942.573730469,570.808166504,1417981021,923346
605.352783203,580.678039551,968.893432617,636.607421875,1417981021,923347
579.033081055,580.678039551,889.934387207,653.057189941,1417981021,923347
684.311828613,317.481201172,600.41784668,544.488464355,1417981021,923347
710.631530762,422.75994873,732.016235352,488.559173584,1417981021,923347
684.311828613,554.358398438,863.614685059,574.098144531,1417981021,923348
710.631530762,580.678039551,889.934387207,577.388122559,1417981021,923348
552.713378906,606.997741699,889.934387207,659.637145996,1417981021,923348
579.033081055,528.038696289,758.3359375,662.927062988,1417981021,923349
657.992126465,475.39932251,784.655639648,551.06842041,1417981021,923349
657.992126465,475.39932251,705.696594238,541.198547363,1417981021,923349
684.311828613,606.997741699,837.29498291,593.837890625,1417981021,994625
579.033081055,580.678039551,837.29498291,620.157592773,1417981021,994627
552.713378906,580.678039551,784.655639648,620.157592773,1417981021,994628
605.352783203,475.39932251,705.696594238,567.518188477,1417981021,994628
657.992126465,475.39932251,705.696594238,488.559173584,1417981021,994630
605.352783203,528.038696289,705.696594238,620.157592773,1417981021,994630
657.992126465,633.317443848,863.614685059,593.837890625,1417981021,994630
552.713378906,422.75994873,626.737487793,593.837890625,1417981021,994631
500.074035645,580.678039551,758.3359375,672.796936035,1417981021,994631
605.352783203,528.038696289,705.696594238,593.837890625,1417981021,994631
631.672424316,475.39932251,705.696594238,541.198547363,1417981021,994632
631.672424316,633.317443848,784.655639648,646.477294922,1417981021,994632
552.713378906,633.317443848,863.614685059,699.116638184,1417981021,994632
526.393737793,606.997741699,810.975280762,672.796936035,1417981021,994633
605.352783203,422.75994873,547.778442383,593.837890625,1417981021,994633
657.992126465,501.718994141,653.057189941,541.198547363,1417981021,994633
848.809875488,812.620300293,804.395385742,860.324707031,1417981021,994634
848.809875488,944.218688965,909.674133301,886.64440918,1417981022,74623
664.57208252,970.538391113,988.633178711,926.123962402,1417981022,74625
690.891723633,838.940002441,778.075683594,912.964111328,1417981022,74625
743.53112793,786.300598145,672.796936035,840.584960938,1417981022,74625
769.850830078,838.940002441,804.395385742,827.425109863,1417981022,74626
769.850830078,944.218688965,909.674133301,919.544006348,1417981022,74626
717.211425781,891.579345703,883.354431152,939.283752441,1417981022,74627
690.891723633,891.579345703,857.034729004,919.544006348,1417981022,74627
769.850830078,786.300598145,751.75604248,840.584960938,1417981022,74628
822.49017334,786.300598145,751.75604248,768.205810547,1417981022,74628
743.53112793,838.940002441,751.75604248,866.904663086,1417981022,74628
796.170471191,944.218688965,909.674133301,899.804260254,1417981022,74629
717.211425781,812.620300293,725.436340332,893.224304199,1417981022,74629
664.57208252,865.259643555,804.395385742,899.804260254,1417981022,74630
769.850830078,891.579345703,883.354431152,847.164855957,1417981022,74630
848.809875488,786.300598145,778.075683594,774.785766602,1417981022,74631
783.010620117,891.579345703,857.034729004,932.703857422,1417981022,148395
704.051574707,996.858093262,909.674133301,932.703857422,1417981022,148397
677.731872559,917.899047852,778.075683594,932.703857422,1417981022,148398
704.051574707,891.579345703,699.116638184,906.384155273,1417981022,148398
822.49017334,891.579345703,699.116638184,827.425109863,1417981022,148400
743.53112793,970.538391113,778.075683594,932.703857422,1417981022,148400
756.690979004,1023.17779541,804.395385742,932.703857422,1417981022,148400
638.252380371,1023.17779541,778.075683594,959.02355957,1417981022,148401
664.57208252,944.218688965,699.116638184,906.384155273,1417981022,148401
756.690979004,812.620300293,514.878845215,853.744812012,1417981022,148401
756.690979004,944.218688965,751.75604248,853.744812012,1417981022,148402
756.690979004,1049.49743652,857.034729004,959.02355957,1417981022,148402
677.731872559,970.538391113,725.436340332,959.02355957,1417981022,148402
664.57208252,970.538391113,725.436340332,959.02355957,1417981022,148403
704.051574707,891.579345703,646.477294922,880.064453125,1417981022,148403
809.330322266,891.579345703,672.796936035,827.425109863,1417981022,148403
723.791320801,1023.17779541,830.715087891,985.343200684,1417981022,217097
743.53112793,1049.49743652,830.715087891,1011.66290283,1417981022,217099
710.631530762,786.300598145,567.518188477,985.343200684,1417981022,217100
618.512634277,917.899047852,672.796936035,985.343200684,1417981022,217101
743.53112793,917.899047852,751.75604248,932.703857422,1417981022,217102
763.270874023,865.259643555,672.796936035,932.703857422,1417981022,217102
736.951171875,1023.17779541,804.395385742,1064.30224609,1417981022,217103
710.631530762,917.899047852,725.436340332,1011.66290283,1417981022,217103
664.57208252,891.579345703,646.477294922,1011.66290283,1417981022,217103
690.891723633,838.940002441,567.518188477,959.02355957,1417981022,217103
802.750427246,865.259643555,567.518188477,906.384155273,1417981022,217104
743.53112793,944.218688965,778.075683594,985.343200684,1417981022,217104
743.53112793,996.858093262,778.075683594,1037.98254395,1417981022,217104
671.151977539,838.940002441,620.157592773,1037.98254395,1417981022,217105
644.832275391,865.259643555,672.796936035,1037.98254395,1417981022,217105
783.010620117,786.300598145,567.518188477,959.02355957,1417981022,217105
756.690979004,891.579345703,699.116638184,952.443603516,1417981022,294620
783.010620117,1102.13684082,935.993835449,1090.62194824,1417981022,294622
756.690979004,944.218688965,725.436340332,1057.72241211,1417981022,294622
730.371276855,944.218688965,751.75604248,1057.72241211,1417981022,294622
809.330322266,865.259643555,620.157592773,991.923156738,1417981022,294623
861.969726562,865.259643555,646.477294922,919.544006348,1417981022,294623
783.010620117,917.899047852,646.477294922,1018.24285889,1417981022,294623
783.010620117,1023.17779541,778.075683594,1064.30224609,1417981022,294624
704.051574707,996.858093262,778.075683594,1077.4621582,1417981022,294624
704.051574707,917.899047852,672.796936035,1037.98254395,1417981022,294624
756.690979004,970.538391113,778.075683594,1005.08300781,1417981022,294624
835.650024414,891.579345703,699.116638184,919.544006348,1417981022,294625
783.010620117,838.940002441,620.157592773,1064.30224609,1417981022,294625
730.371276855,1075.81713867,883.354431152,1070.88220215,1417981022,294625
730.371276855,917.899047852,725.436340332,1051.14245605,1417981022,294626
730.371276855,970.538391113,699.116638184,1051.14245605,1417981022,294626
888.289367676,931.058898926,751.75604248,919.544006348,1417981022,363391
809.330322266,970.538391113,751.75604248,1024.82275391,1417981022,363393
809.330322266,1049.49743652,804.395385742,1024.82275391,1417981022,363393
730.371276855,1036.33764648,804.395385742,1024.82275391,1417981022,363394
730.371276855,944.218688965,672.796936035,998.503051758,1417981022,363395
809.330322266,878.419494629,620.157592773,972.183410645,1417981022,363395
835.650024414,904.739196777,725.436340332,919.544006348,1417981022,363396
809.330322266,931.058898926,725.436340332,1051.14245605,1417981022,363396
756.690979004,1036.33764648,804.395385742,1077.4621582,1417981022,363396
756.690979004,904.739196777,672.796936035,1051.14245605,1417981022,363396
809.330322266,865.259643555,646.477294922,998.503051758,1417981022,363397
888.289367676,891.579345703,672.796936035,945.863708496,1417981022,363397
783.010620117,904.739196777,620.157592773,1051.14245605,1417981022,363397
783.010620117,1036.33764648,804.395385742,1077.4621582,1417981022,363398
704.051574707,983.698242188,751.75604248,1077.4621582,1417981022,363398
704.051574707,904.739196777,699.116638184,1051.14245605,1417981022,363398
756.690979004,904.739196777,751.75604248,1051.14245605,1417981022,434665
809.330322266,878.419494629,725.436340332,998.503051758,1417981022,434667
756.690979004,957.378540039,751.75604248,1182.74084473,1417981022,434668
730.371276855,1010.01794434,857.034729004,1156.42114258,1417981022,434669
730.371276855,904.739196777,751.75604248,1156.42114258,1417981022,434670
783.010620117,852.09979248,672.796936035,1103.78186035,1417981022,434670
835.650024414,878.419494629,725.436340332,1051.14245605,1417981022,434671
756.690979004,878.419494629,646.477294922,1182.74084473,1417981022,434671
756.690979004,1010.01794434,830.715087891,1235.38024902,1417981022,434672
730.371276855,825.780151367,699.116638184,1182.74084473,1417981022,434672
704.051574707,852.09979248,699.116638184,1182.74084473,1417981022,434672
756.690979004,904.739196777,778.075683594,1209.06054688,1417981022,434673
809.330322266,878.419494629,725.436340332,1130.10144043,1417981022,434673
730.371276855,1010.01794434,857.034729004,1314.3392334,1417981022,434673
730.371276855,931.058898926,751.75604248,1261.69995117,1417981022,434674
730.371276855,852.09979248,646.477294922,1261.69995117,1417981022,434674
783.010620117,852.09979248,672.796936035,1235.38024902,1417981022,520832
835.650024414,878.419494629,699.116638184,1182.74084473,1417981022,520834
730.371276855,957.378540039,830.715087891,1340.65893555,1417981022,520835
730.371276855,983.698242188,830.715087891,1393.29833984,1417981022,520835
677.731872559,825.780151367,646.477294922,1366.9786377,1417981022,520836
704.051574707,799.460449219,672.796936035,1340.65893555,1417981022,520836
783.010620117,720.501403809,620.157592773,1340.65893555,1417981022,520837
809.330322266,773.14074707,751.75604248,1288.01965332,1417981022,520837
730.371276855,720.501403809,725.436340332,1445.93774414,1417981022,520837
730.371276855,799.460449219,804.395385742,1445.93774414,1417981022,520838
730.371276855,667.861999512,672.796936035,1419.61804199,1417981022,520838
809.330322266,641.542358398,620.157592773,1366.9786377,1417981022,520839
861.969726562,667.861999512,620.157592773,1340.65893555,1417981022,520839
783.010620117,720.501403809,725.436340332,1419.61804199,1417981022,520840
756.690979004,799.460449219,778.075683594,1472.25744629,1417981022,520840
756.690979004,641.542358398,620.157592773,1419.61804199,1417981022,520840
750.111022949,667.861999512,699.116638184,1393.29833984,1417981022,587174
838.940002441,641.542358398,646.477294922,1366.9786377,1417981022,587176
845.519897461,720.501403809,804.395385742,1327.49914551,1417981022,587176
753.401000977,878.419494629,1014.95288086,1524.89672852,1417981022,587176
733.661254883,746.821105957,804.395385742,1498.57714844,1417981022,587191
743.53112793,694.18170166,751.75604248,1459.09753418,1417981022,587191
842.229919434,615.22265625,725.436340332,1393.29833984,1417981022,587192
894.86932373,667.861999512,778.075683594,1366.9786377,1417981022,587192
753.401000977,773.14074707,935.993835449,1524.89672852,1417981022,587192
753.401000977,799.460449219,935.993835449,1577.53613281,1417981022,587193
727.081298828,641.542358398,751.75604248,1551.21643066,1417981022,587193
756.690979004,641.542358398,778.075683594,1485.41723633,1417981022,587193
819.200195312,641.542358398,725.436340332,1459.09753418,1417981022,587194
848.809875488,720.501403809,883.354431152,1445.93774414,1417981022,587194
733.661254883,694.18170166,778.075683594,1603.85583496,1417981022,587194
753.401000977,773.14074707,909.674133301,1564.37634277,1417981022,587195
784.655639648,725.436340332,746.821105957,847.164855957,1417981022,587195
810.975280762,778.075683594,746.821105957,807.68536377,1417981022,659705
889.934387207,804.395385742,825.780151367,755.045959473,1417981022,659707
784.655639648,791.235534668,773.14074707,781.365661621,1417981022,659710
758.3359375,896.514282227,878.419494629,926.123962402,1417981022,659710
732.016235352,857.034729004,852.09979248,873.484558105,1417981022,659710
758.3359375,751.75604248,773.14074707,860.324707031,1417981022,659711
758.3359375,778.075683594,799.460449219,860.324707031,1417981022,659711
863.614685059,778.075683594,825.780151367,755.045959473,1417981022,659711
732.016235352,791.235534668,825.780151367,899.804260254,1417981022,659712
732.016235352,857.034729004,878.419494629,860.324707031,1417981022,659712
732.016235352,685.956787109,720.501403809,860.324707031,1417981022,659712
758.3359375,738.596191406,773.14074707,860.324707031,1417981022,659713
863.614685059,751.75604248,799.460449219,794.525512695,1417981022,659713
732.016235352,830.715087891,904.739196777,899.804260254,1417981022,659713
732.016235352,870.194580078,904.739196777,926.123962402,1417981022,659713
758.3359375,646.477294922,720.501403809,820.845214844,1417981022,659714
745.176086426,712.276489258,746.821105957,860.324707031,1417981022,735915
784.655639648,738.596191406,746.821105957,794.525512695,1417981022,735917
837.29498291,778.075683594,838.940002441,781.365661621,1417981022,735918
692.536743164,857.034729004,891.579345703,939.283752441,1417981022,735918
732.016235352,817.555236816,891.579345703,939.283752441,1417981022,735918
732.016235352,712.276489258,878.419494629,873.484558105,1417981022,735919
732.016235352,659.637145996,641.542358398,834.005004883,1417981022,735919
850.454833984,712.276489258,759.980895996,807.68536377,1417981022,735919
732.016235352,751.75604248,786.300598145,912.964111328,1417981022,735920
732.016235352,804.395385742,825.780151367,965.60345459,1417981022,735920
692.536743164,764.91583252,878.419494629,952.443603516,1417981022,735920
745.176086426,620.157592773,681.021850586,860.324707031,1417981022,735920
745.176086426,646.477294922,681.021850586,899.804260254,1417981022,735921
850.454833984,672.796936035,759.980895996,820.845214844,1417981022,735921
692.536743164,672.796936035,746.821105957,991.923156738,1417981022,735921
692.536743164,751.75604248,812.620300293,991.923156738,1417981022,735922
745.176086426,620.157592773,681.021850586,939.283752441,1417981022,800894
784.655639648,593.837890625,654.702148438,991.923156738,1417981022,800896
876.774536133,646.477294922,707.341552734,860.324707031,1417981022,800897
718.856384277,699.116638184,812.620300293,965.60345459,1417981022,800898
718.856384277,725.436340332,812.620300293,991.923156738,1417981022,800898
732.016235352,567.518188477,654.702148438,965.60345459,1417981022,800899
758.3359375,567.518188477,654.702148438,912.964111328,1417981022,800899
758.3359375,646.477294922,733.661254883,939.283752441,1417981022,800899
797.815490723,646.477294922,786.300598145,886.64440918,1417981022,800900
653.057189941,699.116638184,812.620300293,1070.88220215,1417981022,800900
692.536743164,699.116638184,786.300598145,1044.5625,1417981022,800900
732.016235352,593.837890625,681.021850586,991.923156738,1417981022,800901
784.655639648,593.837890625,681.021850586,939.283752441,1417981022,800901
850.454833984,646.477294922,733.661254883,912.964111328,1417981022,800901
758.3359375,514.878845215,496.784057617,991.923156738,1417981022,800902
692.536743164,725.436340332,786.300598145,1044.5625,1417981022,800902
692.536743164,725.436340332,865.259643555,1044.5625,1417981022,880846
745.176086426,541.198547363,707.341552734,939.283752441,1417981022,880847
758.3359375,514.878845215,681.021850586,965.60345459,1417981022,880849
810.975280762,567.518188477,759.980895996,912.964111328,1417981022,880849
653.057189941,593.837890625,759.980895996,1070.88220215,1417981022,880849
692.536743164,646.477294922,838.940002441,1070.88220215,1417981022,880849
718.856384277,488.559173584,707.341552734,991.923156738,1417981022,880850
797.815490723,435.919799805,628.382507324,912.964111328,1417981022,880850
850.454833984,488.559173584,681.021850586,912.964111328,1417981022,880850
705.696594238,593.837890625,891.579345703,1044.5625,1417981022,880851
692.536743164,593.837890625,865.259643555,1070.88220215,1417981022,880851
771.495788574,330.641052246,602.062805176,965.60345459,1417981022,880851
758.3359375,409.600097656,733.661254883,939.283752441,1417981022,880851
771.495788574,488.559173584,812.620300293,965.60345459,1417981022,880852
810.975280762,488.559173584,838.940002441,912.964111328,1417981022,880852
626.737487793,488.559173584,759.980895996,1097.2019043,1417981022,880852
679.37689209,488.559173584,838.940002441,1044.5625,1417981022,959663
705.696594238,383.280426025,759.980895996,991.923156738,1417981022,959665
705.696594238,383.280426025,733.661254883,991.923156738,1417981022,959666
784.655639648,462.239471436,865.259643555,912.964111328,1417981022,959666
653.057189941,409.600097656,707.341552734,991.923156738,1417981022,959666
574.098144531,514.878845215,838.940002441,1044.5625,1417981022,959667
574.098144531,514.878845215,865.259643555,1018.24285889,1417981022,959667
626.737487793,383.280426025,707.341552734,939.283752441,1417981022,959667
626.737487793,356.960723877,602.062805176,965.60345459,1417981022,959668
679.37689209,462.239471436,786.300598145,912.964111328,1417981022,959668
495.139068604,488.559173584,812.620300293,1018.24285889,1417981022,959668
495.139068604,514.878845215,838.940002441,1070.88220215,1417981022,959668
547.778442383,409.600097656,733.661254883,965.60345459,1417981022,959669
653.057189941,304.321350098,602.062805176,860.324707031,1417981022,959669
653.057189941,356.960723877,654.702148438,912.964111328,1417981022,959670
547.778442383,488.559173584,786.300598145,965.60345459,1417981022,959670
481.979248047,514.878845215,812.620300293,1044.5625,1417981023,37158
534.618591309,304.321350098,602.062805176,912.964111328,1417981023,37160
574.098144531,330.641052246,681.021850586,899.804260254,1417981023,37161
534.618591309,462.239471436,891.579345703,952.443603516,1417981023,37162
613.577697754,435.919799805,812.620300293,912.964111328,1417981023,37162
429.339874268,435.919799805,812.620300293,978.763305664,1417981023,37163
468.819396973,435.919799805,812.620300293,1018.24285889,1417981023,37163
521.458740234,278.001678467,759.980895996,886.64440918,1417981023,37163
508.298919678,330.641052246,759.980895996,926.123962402,1417981023,37164
600.41784668,383.280426025,891.579345703,899.804260254,1417981023,37164
455.659545898,383.280426025,812.620300293,965.60345459,1417981023,37164
442.499725342,409.600097656,812.620300293,1031.40270996,1417981023,37164
442.499725342,383.280426025,812.620300293,1031.40270996,1417981023,37165
534.618591309,278.001678467,733.661254883,899.804260254,1417981023,37165
534.618591309,172.722930908,496.784057617,899.804260254,1417981023,37175
560.938293457,409.600097656,838.940002441,899.804260254,1417981023,37175
